0.000000000000000000e+00 6.298920000000000000e+19
9.900990099009901110e-03 6.298880000000000000e+19
1.980198019801980222e-02 6.298760000000000000e+19
2.970297029702970160e-02 6.298540000000000000e+19
3.960396039603960444e-02 6.298210000000000000e+19
4.950495049504950729e-02 6.297770000000000000e+19
5.940594059405940319e-02 6.297190000000000000e+19
6.930693069306931298e-02 6.296470000000000000e+19
7.920792079207920888e-02 6.295590000000000000e+19
8.910891089108910479e-02 6.294540000000000000e+19
9.900990099009901457e-02 6.293320000000000000e+19
1.089108910891089105e-01 6.291900000000000000e+19
1.188118811881188064e-01 6.290280000000000000e+19
1.287128712871287162e-01 6.288430000000000000e+19
1.386138613861386260e-01 6.286370000000000000e+19
1.485148514851485080e-01 6.284050000000000000e+19
1.584158415841584178e-01 6.281500000000000000e+19
1.683168316831683275e-01 6.278670000000000000e+19
1.782178217821782096e-01 6.275560000000000000e+19
1.881188118811881194e-01 6.272170000000000000e+19
1.980198019801980291e-01 6.268490000000000000e+19
2.079207920792079112e-01 6.264480000000000000e+19
2.178217821782178210e-01 6.260140000000000000e+19
2.277227722772277307e-01 6.255450000000000000e+19
2.376237623762376128e-01 6.250450000000000000e+19
2.475247524752475226e-01 6.245030000000000000e+19
2.574257425742574323e-01 6.239300000000000000e+19
2.673267326732673421e-01 6.233150000000000000e+19
2.772277227722772519e-01 6.226630000000000000e+19
2.871287128712871062e-01 6.219650000000000000e+19
2.970297029702970160e-01 6.212290000000000000e+19
3.069306930693069257e-01 6.204480000000000000e+19
3.168316831683168355e-01 6.196210000000000000e+19
3.267326732673267453e-01 6.187510000000000000e+19
3.366336633663366551e-01 6.178320000000000000e+19
3.465346534653465094e-01 6.168660000000000000e+19
3.564356435643564192e-01 6.158490000000000000e+19
3.663366336633663289e-01 6.147830000000000000e+19
3.762376237623762387e-01 6.136660000000000000e+19
3.861386138613861485e-01 6.124920000000000000e+19
3.960396039603960583e-01 6.112660000000000000e+19
4.059405940594059126e-01 6.099840000000000000e+19
4.158415841584158223e-01 6.086450000000000000e+19
4.257425742574257321e-01 6.072500000000000000e+19
4.356435643564356419e-01 6.057950000000000000e+19
4.455445544554455517e-01 6.042770000000000000e+19
4.554455445544554615e-01 6.026980000000000000e+19
4.653465346534653158e-01 6.010590000000000000e+19
4.752475247524752255e-01 5.993550000000000000e+19
4.851485148514851353e-01 5.975880000000000000e+19
4.950495049504950451e-01 5.957490000000000000e+19
5.049504950495049549e-01 5.938460000000000000e+19
5.148514851485148647e-01 5.918750000000000000e+19
5.247524752475247745e-01 5.898330000000000000e+19
5.346534653465346842e-01 5.877180000000000000e+19
5.445544554455445940e-01 5.855360000000000000e+19
5.544554455445545038e-01 5.832720000000000000e+19
5.643564356435643026e-01 5.809360000000000000e+19
5.742574257425742124e-01 5.785280000000000000e+19
5.841584158415841221e-01 5.760390000000000000e+19
5.940594059405940319e-01 5.734740000000000000e+19
6.039603960396039417e-01 5.708250000000000000e+19
6.138613861386138515e-01 5.681000000000000000e+19
6.237623762376237613e-01 5.652880000000000000e+19
6.336633663366336711e-01 5.623950000000000000e+19
6.435643564356435808e-01 5.594220000000000000e+19
6.534653465346534906e-01 5.563570000000000000e+19
6.633663366336634004e-01 5.532060000000000000e+19
6.732673267326733102e-01 5.499680000000000000e+19
6.831683168316831090e-01 5.466430000000000000e+19
6.930693069306930187e-01 5.432240000000000000e+19
7.029702970297029285e-01 5.397170000000000000e+19
7.128712871287128383e-01 5.361150000000000000e+19
7.227722772277227481e-01 5.324140000000000000e+19
7.326732673267326579e-01 5.286240000000000000e+19
7.425742574257425677e-01 5.247340000000000000e+19
7.524752475247524774e-01 5.207430000000000000e+19
7.623762376237623872e-01 5.166630000000000000e+19
7.722772277227722970e-01 5.124730000000000000e+19
7.821782178217822068e-01 5.081880000000000000e+19
7.920792079207921166e-01 5.037980000000000000e+19
8.019801980198020264e-01 4.993030000000000000e+19
8.118811881188118251e-01 4.947020000000000000e+19
8.217821782178217349e-01 4.899960000000000000e+19
8.316831683168316447e-01 4.851840000000000000e+19
8.415841584158415545e-01 4.802590000000000000e+19
8.514851485148514643e-01 4.752280000000000000e+19
8.613861386138613740e-01 4.700870000000000000e+19
8.712871287128712838e-01 4.648290000000000000e+19
8.811881188118811936e-01 4.594620000000000000e+19
8.910891089108911034e-01 4.539790000000000000e+19
9.009900990099010132e-01 4.483780000000000000e+19
9.108910891089109230e-01 4.426610000000000000e+19
9.207920792079208328e-01 4.368270000000000000e+19
9.306930693069306315e-01 4.308710000000000000e+19
9.405940594059405413e-01 4.247950000000000000e+19
9.504950495049504511e-01 4.185980000000000000e+19
9.603960396039603609e-01 4.122770000000000000e+19
9.702970297029702706e-01 4.058310000000000000e+19
9.801980198019801804e-01 3.984200000000000000e+19
9.900990099009900902e-01 3.069720000000000000e+19
1.000000000000000000e+00 2.810010000000000000e+19
1.009900990099009910e+00 2.572270000000000000e+19
1.019801980198019820e+00 2.354640000000000000e+19
1.029702970297029729e+00 2.155430000000000000e+19
1.039603960396039639e+00 1.973070000000000000e+19
1.049504950495049549e+00 1.806140000000000000e+19
1.059405940594059459e+00 1.653330000000000000e+19
1.069306930693069368e+00 1.513450000000000000e+19
1.079207920792079278e+00 1.385410000000000000e+19
1.089108910891089188e+00 1.268200000000000000e+19
1.099009900990099098e+00 1.160900000000000000e+19
1.108910891089109008e+00 1.062680000000000000e+19
1.118811881188118695e+00 9.727760000000000000e+18
1.128712871287128605e+00 8.904750000000000000e+18
1.138613861386138515e+00 8.151370000000000000e+18
1.148514851485148425e+00 7.461720000000000000e+18
1.158415841584158334e+00 6.830430000000000000e+18
1.168316831683168244e+00 6.252550000000000000e+18
1.178217821782178154e+00 5.723550000000000000e+18
1.188118811881188064e+00 5.239310000000000000e+18
