        R                 Z              n_n_slow        n_n_thermal        n_n_total       izn_rate_slow    izn_rate_thermal   izn_rate_total  
           1.10107          -0.71128       1.25991E+15       6.12293E+14       1.87220E+15       1.61623E+18       7.85460E+17       2.40169E+18
           1.12215          -0.54976       1.01651E+14       1.35278E+14       2.36929E+14       1.10805E+17       1.47460E+17       2.58265E+17
           1.07559          -0.61082       1.56474E+15       5.32715E+14       2.09746E+15       1.71712E+18       5.84592E+17       2.30171E+18
           1.12163          -0.61180       3.05041E+14       2.61061E+14       5.66102E+14       3.47012E+17       2.96982E+17       6.43994E+17
           1.09329          -0.45715       8.22505E+14       3.00298E+14       1.12280E+15       8.45137E+17       3.08561E+17       1.15370E+18
           1.13573          -1.00394       1.38321E+15       9.32027E+14       2.31523E+15       2.04073E+18       1.37508E+18       3.41581E+18
           1.05800          -0.40372       2.53350E+15       7.49281E+14       3.28278E+15       1.64975E+18       4.87914E+17       2.13767E+18
           1.15824          -0.69092       6.15125E+13       1.06409E+14       1.67922E+14       7.02894E+16       1.21592E+17       1.91882E+17
           1.16192          -0.75423       2.74909E+14       1.97483E+14       4.72392E+14       3.51712E+17       2.52656E+17       6.04368E+17
           1.18919          -0.64786       2.12278E+12       6.30464E+13       6.51692E+13       2.51181E+15       7.46007E+16       7.71125E+16
           1.15389          -0.57488       1.77549E+13       9.29000E+13       1.10655E+14       2.14548E+16       1.12259E+17       1.33713E+17
           1.18282          -0.48971       1.70539E+11       5.15314E+13       5.17020E+13       2.06366E+14       6.23573E+16       6.25636E+16
           1.15316          -0.51895       4.92806E+12       8.07901E+13       8.57181E+13       5.58552E+15       9.15683E+16       9.71538E+16
           1.18472          -0.38528       6.58304E+10       4.72977E+13       4.73636E+13       8.79166E+13       6.31662E+16       6.32541E+16
           1.12541          -0.43206       5.02166E+13       1.28522E+14       1.78739E+14       5.85224E+16       1.49780E+17       2.08303E+17
           1.17087          -1.23909       4.52106E+15       1.22406E+15       5.74513E+15       5.45728E+18       1.47754E+18       6.93482E+18
           1.12520          -1.19342       4.18374E+15       1.14394E+15       5.32768E+15       5.29607E+18       1.44808E+18       6.74416E+18
           1.15511          -0.40876       2.15336E+12       7.92522E+13       8.14056E+13       2.75562E+15       1.01418E+17       1.04173E+17
           1.07505          -0.29152       7.04398E+14       2.97795E+14       1.00219E+15       7.35720E+17       3.11037E+17       1.04676E+18
           1.09728          -0.39538       2.24625E+14       1.77085E+14       4.01710E+14       2.34987E+17       1.85254E+17       4.20242E+17
           1.06561          -0.11754       1.07033E+15       3.52989E+14       1.42332E+15       1.10306E+18       3.63784E+17       1.46684E+18
           1.04164          -0.07141       3.76365E+15       7.63125E+14       4.52677E+15       2.90802E+18       5.89637E+17       3.49766E+18
           1.08201          -0.22999       2.09603E+14       2.03011E+14       4.12615E+14       2.24533E+17       2.17471E+17       4.42004E+17
           1.07527          -0.05723       3.11779E+14       2.52124E+14       5.63904E+14       3.37476E+17       2.72905E+17       6.10381E+17
           1.10697          -0.27630       4.89026E+13       1.49478E+14       1.98381E+14       5.63305E+16       1.72183E+17       2.28513E+17
           1.02989          -0.18215      -2.28743E+14      -5.73133E+14      -8.01876E+14      -9.53790E+11      -2.38979E+12      -3.34358E+12
           1.11271          -0.21811       1.25198E+13       1.24950E+14       1.37470E+14       1.41336E+16       1.41056E+17       1.55190E+17
           1.15779          -0.35405       4.19807E+11       6.74590E+13       6.78788E+13       5.07484E+14       8.15477E+16       8.20552E+16
           1.18738          -0.33336       1.15359E+10       3.88490E+13       3.88605E+13       1.43124E+13       4.81991E+16       4.82134E+16
           1.16616          -0.24678       8.93548E+10       5.81216E+13       5.82110E+13       1.18579E+14       7.71309E+16       7.72495E+16
           1.12689          -0.10553       4.24888E+12       1.21837E+14       1.26086E+14       5.36753E+15       1.53914E+17       1.59282E+17
           1.14227          -0.20626       5.31884E+11       8.09135E+13       8.14454E+13       6.47291E+14       9.84699E+16       9.91172E+16
           1.17186          -0.19430       1.70925E+10       4.74901E+13       4.75072E+13       2.13789E+13       5.93994E+16       5.94208E+16
           1.09740          -0.11149       7.88350E+13       1.90230E+14       2.69065E+14       9.03768E+16       2.18080E+17       3.08457E+17
           2.35279           0.43119       3.32687E+16       1.32068E+15       3.45894E+16       2.92685E+16       1.16189E+15       3.04304E+16
           1.13656          -0.26161       2.47371E+12       9.53384E+13       9.78121E+13       3.14216E+15       1.21101E+17       1.24243E+17
           1.12815          -0.37451       1.15678E+13       1.05863E+14       1.17431E+14       1.29865E+16       1.18846E+17       1.31833E+17
           1.15646          -0.09952       1.63952E+11       7.46216E+13       7.47856E+13       2.16279E+14       9.84382E+16       9.86545E+16
           1.18360          -0.54235       7.27803E+11       5.81150E+13       5.88428E+13       9.51845E+14       7.60048E+16       7.69567E+16
           1.06605          -0.89473       2.50612E+15       1.24369E+15       3.74981E+15       3.04240E+17       1.50982E+17       4.55222E+17
           1.28746          -0.99822       1.28490E+14       2.97001E+14       4.25491E+14       2.84649E+17       6.57956E+17       9.42605E+17
           1.18154          -1.08985       1.09547E+15       9.81522E+14       2.07699E+15       2.89253E+18       2.59167E+18       5.48420E+18
           1.30158          -0.84373       4.34732E+11       4.23417E+13       4.27764E+13       6.96333E+14       6.78210E+16       6.85173E+16
           1.27245          -0.92714       3.23113E+13       9.14180E+13       1.23729E+14       5.72035E+16       1.61845E+17       2.19049E+17
           1.31731          -0.89467       1.94570E+12       5.15797E+13       5.35254E+13       4.10883E+15       1.08924E+17       1.13032E+17
           1.20759          -0.81753       5.35561E+13       9.62045E+13       1.49761E+14       7.30193E+16       1.31167E+17       2.04186E+17
           1.35469          -1.01135       1.85282E+13       1.05845E+14       1.24373E+14       4.64668E+16       2.65448E+17       3.11915E+17
           1.24789          -0.80994       5.75957E+12       6.12779E+13       6.70375E+13       9.22794E+15       9.81791E+16       1.07407E+17
           1.44771          -1.11268       1.17466E+14       1.79069E+14       2.96535E+14       4.02202E+17       6.13130E+17       1.01533E+18
           1.49557          -1.23530       2.20688E+15       9.46909E+14       3.15379E+15       6.24309E+18       2.67874E+18       8.92182E+18
           1.47168          -0.95693       6.02878E+11       4.44203E+13       4.50232E+13       1.63472E+15       1.20447E+17       1.22082E+17
           1.40364          -0.94631       6.62276E+11       4.92132E+13       4.98755E+13       1.71661E+15       1.27560E+17       1.29277E+17
           1.39851          -0.84697       5.31682E+09       2.22162E+13       2.22215E+13       9.41609E+12       3.93449E+16       3.93543E+16
           1.38128          -0.90072       1.29816E+11       3.65377E+13       3.66675E+13       2.80318E+14       7.88978E+16       7.91781E+16
           1.49225          -0.85743       3.21434E+09       1.86312E+13       1.86344E+13       6.39934E+12       3.70924E+16       3.70988E+16
           1.34403          -0.81850       2.22071E+10       2.57562E+13       2.57784E+13       3.81215E+13       4.42140E+16       4.42521E+16
           1.51157          -0.78693       2.60848E+07       8.28362E+12       8.28365E+12       4.29611E+10       1.36429E+16       1.36430E+16
           1.37677          -1.08987       2.57191E+14       3.02312E+14       5.59503E+14       8.99562E+17       1.05738E+18       1.95694E+18
           1.28537          -1.21249       3.44050E+15       1.05232E+15       4.49282E+15       9.98923E+17       3.05533E+17       1.30446E+18
           1.43564          -0.83035       5.14492E+08       1.59424E+13       1.59429E+13       9.55943E+11       2.96215E+16       2.96225E+16
           1.26675          -0.70663       1.93639E+10       2.93902E+13       2.94096E+13       2.56568E+13       3.89415E+16       3.89672E+16
           1.23803          -0.75757       1.06526E+12       5.18068E+13       5.28721E+13       1.39682E+15       6.79315E+16       6.93284E+16
           1.25246          -0.61650       5.67013E+09       2.47887E+13       2.47944E+13       7.86767E+12       3.43959E+16       3.44038E+16
           1.22348          -0.65824       2.60752E+11       4.40039E+13       4.42647E+13       3.62805E+14       6.12261E+16       6.15889E+16
           1.21229          -0.46036       4.47589E+09       2.93575E+13       2.93619E+13       5.54090E+12       3.63429E+16       3.63484E+16
           1.21307          -0.51008       2.11026E+10       3.45114E+13       3.45325E+13       2.85465E+13       4.66852E+16       4.67138E+16
           1.24768          -0.57056       1.30209E+09       2.11182E+13       2.11195E+13       1.63632E+12       2.65390E+16       2.65406E+16
           2.20095           0.20233       2.04125E+14       1.00218E+14       3.04343E+14       9.27505E+16       4.55371E+16       1.38288E+17
           1.21862          -0.60866       5.76823E+10       3.86847E+13       3.87424E+13       7.14343E+13       4.79075E+16       4.79789E+16
           1.19406          -0.70185       9.45851E+12       7.18540E+13       8.13125E+13       1.24805E+16       9.48111E+16       1.07292E+17
           1.36982          -0.75736       2.55526E+08       1.25672E+13       1.25674E+13       3.86718E+11       1.90194E+16       1.90198E+16
           1.27643          -0.75197       9.29082E+10       3.38462E+13       3.39391E+13       1.42372E+14       5.18656E+16       5.20080E+16
           1.45771          -0.76633       3.53848E+06       6.72339E+12       6.72339E+12       5.46735E+09       1.03884E+16       1.03884E+16
           1.42224          -0.78013       3.58144E+07       1.02266E+13       1.02266E+13       5.50599E+10       1.57220E+16       1.57220E+16
           1.04201           0.09900       6.27593E+15       1.09666E+15       7.37260E+15       3.54856E+18       6.20079E+17       4.16864E+18
           1.29486          -0.65961       3.26728E+08       1.48359E+13       1.48362E+13       4.26192E+11       1.93523E+16       1.93527E+16
           1.35506          -0.72375       6.71886E+07       1.02301E+13       1.02302E+13       9.30732E+10       1.41713E+16       1.41714E+16
           1.06234           0.47807       2.39368E+15       6.84113E+14       3.07779E+15       2.95311E+18       8.43997E+17       3.79710E+18
           2.21180          -0.15490       1.17771E+14       1.38120E+14       2.55892E+14       5.65946E+16       6.63733E+16       1.22968E+17
           1.30430          -0.70016       1.36972E+09       1.76870E+13       1.76883E+13       1.97312E+12       2.54784E+16       2.54804E+16
           1.32874          -0.77912       5.48901E+09       2.19679E+13       2.19734E+13       8.21045E+12       3.28596E+16       3.28678E+16
           2.28274           0.41976       5.21573E+15       1.40547E+15       6.62120E+15       6.88706E+17       1.85585E+17       8.74291E+17
           1.04866           0.26705       4.93393E+15       1.08416E+15       6.01810E+15       2.54122E+18       5.58398E+17       3.09962E+18
           1.21642          -0.88378       3.24459E+14       3.14094E+14       6.38553E+14       5.20870E+17       5.04231E+17       1.02510E+18
           1.37460          -1.30723       3.66608E+15       1.79602E+15       5.46210E+15       9.64511E+13       4.72517E+13       1.43703E+14
           1.03042           0.18754       9.06179E+15       1.43487E+15       1.04967E+16       6.01154E+17       9.51884E+16       6.96343E+17
           1.10615           0.05425       3.73826E+13       2.07676E+14       2.45059E+14       4.26224E+16       2.36785E+17       2.79407E+17
           1.10587          -0.05426       1.97771E+13       1.57502E+14       1.77279E+14       2.25539E+16       1.79616E+17       2.02170E+17
           1.06623           0.11754       2.01586E+15       5.59048E+14       2.57491E+15       1.99217E+18       5.52478E+17       2.54464E+18
           1.09797           0.11151       1.51945E+14       2.71015E+14       4.22960E+14       1.74181E+17       3.10678E+17       4.84859E+17
           1.13893           0.26116       5.58869E+12       1.37331E+14       1.42920E+14       7.07505E+15       1.73855E+17       1.80931E+17
           1.10955           0.27600       1.11219E+14       2.19679E+14       3.30899E+14       1.27887E+17       2.52601E+17       3.80488E+17
           1.12742           0.10548       8.15541E+12       1.67557E+14       1.75712E+14       1.02930E+16       2.11475E+17       2.21769E+17
           1.07557           0.05726       5.85664E+14       3.46714E+14       9.32378E+14       6.24192E+17       3.69523E+17       9.93714E+17
           1.16518           0.04822       5.71494E+10       7.60833E+13       7.61404E+13       7.20895E+13       9.59732E+16       9.60452E+16
           1.16495          -0.04825       3.03265E+10       5.98038E+13       5.98342E+13       3.82812E+13       7.54905E+16       7.55288E+16
           2.09377           0.44571       2.30239E+14       1.45586E+14       3.75825E+14       1.02704E+17       6.49424E+16       1.67646E+17
           1.15694           0.09946       3.13681E+11       1.00611E+14       1.00925E+14       4.13237E+14       1.32543E+17       1.32956E+17
           1.14380           0.20598       1.18268E+12       1.16324E+14       1.17507E+14       1.43712E+15       1.41349E+17       1.42787E+17
           1.17325           0.19405       3.77569E+10       6.77561E+13       6.77939E+13       4.71729E+13       8.46534E+16       8.47006E+16
           1.18990           0.38373       6.68744E+10       5.89864E+13       5.90533E+13       8.81700E+13       7.77702E+16       7.78583E+16
           1.16832           0.24633       2.00691E+11       8.34252E+13       8.36259E+13       2.65186E+14       1.10235E+17       1.10500E+17
           2.28825          -0.41720       9.98947E+15       3.03456E+15       1.30240E+16       1.01153E+18       3.07280E+17       1.31881E+18
           1.13564           0.05124       1.68032E+12       1.31875E+14       1.33556E+14       2.06284E+15       1.61896E+17       1.63959E+17
           1.13538          -0.05127       8.90031E+11       1.01998E+14       1.02888E+14       1.09332E+15       1.25294E+17       1.26388E+17
           1.11437           0.21792       2.80354E+13       1.80748E+14       2.08783E+14       3.16208E+16       2.03863E+17       2.35484E+17
           1.07783           0.29084       1.53330E+15       5.65799E+14       2.09910E+15       1.49805E+18       5.52791E+17       2.05084E+18
           1.08381           0.22986       4.68961E+14       3.04977E+14       7.73938E+14       4.88111E+17       3.17431E+17       8.05542E+17
           1.13161           0.42988       4.18332E+13       1.52754E+14       1.94587E+14       4.79713E+16       1.75167E+17       2.23138E+17
           1.10235           0.39363       2.04642E+14       2.17582E+14       4.22224E+14       2.12050E+17       2.25459E+17       4.37509E+17
           1.11362           0.76319       2.52865E+15       1.29179E+15       3.82043E+15       2.95265E+18       1.50839E+18       4.46104E+18
           1.08361           0.57831       1.36662E+15       5.54107E+14       1.92073E+15       1.94987E+18       7.90592E+17       2.74046E+18
           1.09999           0.45296       6.21918E+14       3.22940E+14       9.44858E+14       6.28022E+17       3.26110E+17       9.54132E+17
           1.16511           0.56724       1.42744E+13       1.08186E+14       1.22461E+14       1.62343E+16       1.23040E+17       1.39275E+17
           1.16079           0.40680       1.97829E+12       9.67315E+13       9.87098E+13       2.49804E+15       1.22145E+17       1.24643E+17
           1.02871           0.02762       6.72847E+15       1.09798E+15       7.82645E+15       5.49726E+13       8.97067E+12       6.39433E+13
           1.19385           0.53681       5.91454E+11       6.79601E+13       6.85515E+13       7.42172E+14       8.52780E+16       8.60202E+16
           1.13282           0.37322       1.15204E+13       1.31718E+14       1.43238E+14       1.28499E+16       1.46918E+17       1.59768E+17
           1.22238           0.50638       1.78077E+10       4.05807E+13       4.05985E+13       2.33316E+13       5.31689E+16       5.31922E+16
           1.13208           0.54227       8.00656E+13       1.56872E+14       2.36938E+14       8.25423E+16       1.61725E+17       2.44267E+17
           1.18073           0.71942       4.68523E+14       3.93833E+14       8.62356E+14       4.55569E+17       3.82943E+17       8.38512E+17
           1.13381           0.59767       2.52101E+14       2.58157E+14       5.10258E+14       2.54323E+17       2.60433E+17       5.14756E+17
           1.21131           0.68281       1.73793E+13       8.60332E+13       1.03413E+14       1.95680E+16       9.68680E+16       1.16436E+17
           1.05697           0.69448       4.34520E+15       1.35648E+15       5.70169E+15       4.94324E+17       1.54318E+17       6.48642E+17
           1.23918           0.64619       4.51276E+11       5.22814E+13       5.27326E+13       5.59569E+14       6.48273E+16       6.53869E+16
           1.16228           0.51418       4.01964E+12       9.46011E+13       9.86207E+13       4.44092E+15       1.04516E+17       1.08957E+17
           1.16208           0.35282       4.59662E+11       8.56039E+13       8.60636E+13       5.52836E+14       1.02956E+17       1.03509E+17
           1.17718           0.95867       2.57924E+15       1.44185E+15       4.02109E+15       2.27434E+18       1.27140E+18       3.54574E+18
           1.19128           0.33241       1.39386E+10       5.01265E+13       5.01404E+13       1.72519E+13       6.20418E+16       6.20591E+16
           1.03553           0.39496       4.99521E+15       1.29451E+15       6.28972E+15       3.13708E+17       8.12971E+16       3.95005E+17
           1.19115           0.48609       1.45060E+11       6.07447E+13       6.08897E+13       1.73202E+14       7.25292E+16       7.27024E+16
           2.19387          -0.14352       3.15201E+13       1.08873E+14       1.40393E+14       1.88928E+16       6.52573E+16       8.41501E+16
           1.17428           0.67007       1.01090E+14       1.20627E+14       2.21717E+14       1.01487E+17       1.21102E+17       2.22589E+17
           1.26665           0.60958       8.73312E+09       2.97375E+13       2.97462E+13       1.13170E+13       3.85359E+16       3.85472E+16
           1.20388           0.63538       3.25793E+12       7.28110E+13       7.60690E+13       3.58367E+15       8.00909E+16       8.36746E+16
           1.25888           0.73216       2.18410E+12       7.19585E+13       7.41427E+13       2.39542E+15       7.89208E+16       8.13162E+16
           1.25974           0.56600       1.52590E+09       2.47785E+13       2.47800E+13       1.86720E+12       3.03208E+16       3.03227E+16
           1.21984           0.45800       4.05463E+09       3.49883E+13       3.49924E+13       4.98505E+12       4.30171E+16       4.30221E+16
           1.31181           0.65224       6.59203E+08       2.06478E+13       2.06485E+13       8.05319E+11       2.52245E+16       2.52253E+16
           1.23198           0.60069       7.76400E+10       4.52191E+13       4.52968E+13       9.21776E+13       5.36861E+16       5.37783E+16
           1.04690          -0.28981       2.53547E+15       5.53626E+14       3.08909E+15       2.43810E+18       5.32365E+17       2.97047E+18
           1.32358           0.68935       3.71293E+09       2.77284E+13       2.77321E+13       4.75187E+12       3.54873E+16       3.54920E+16
           1.39373           0.74263       3.50382E+09       3.22751E+13       3.22786E+13       4.43723E+12       4.08731E+16       4.08775E+16
           1.37667           0.71341       4.74981E+08       2.23436E+13       2.23441E+13       5.80515E+11       2.73080E+16       2.73086E+16
           1.04082          -0.49534       4.49346E+15       1.00817E+15       5.50162E+15       1.00136E+18       2.24669E+17       1.22603E+18
           1.29787           0.73074       2.29946E+11       5.29105E+13       5.31404E+13       2.81291E+14       6.47249E+16       6.50062E+16
           2.25623          -0.50974       7.80428E+15       2.69927E+15       1.05036E+16       1.42036E+18       4.91259E+17       1.91161E+18
           1.28561           0.69220       4.27168E+10       4.13414E+13       4.13841E+13       5.05953E+13       4.89662E+16       4.90168E+16
           2.25873           0.28287       2.24867E+15       1.25169E+15       3.50036E+15       2.16160E+18       1.20323E+18       3.36483E+18
           1.48404           0.75222       1.01865E+09       2.58816E+13       2.58826E+13       1.25021E+12       3.17649E+16       3.17661E+16
           1.32842           0.80081       2.39347E+12       8.78250E+13       9.02184E+13       2.62362E+15       9.62700E+16       9.88936E+16
           1.24237           0.81352       3.05104E+14       4.81289E+14       7.86393E+14       2.59593E+17       4.09497E+17       6.69090E+17
           1.37075           0.78721       2.62023E+11       6.42568E+13       6.45188E+13       3.16865E+14       7.77060E+16       7.80229E+16
           1.34699           0.83178       1.40331E+13       1.18009E+14       1.32042E+14       1.53630E+16       1.29193E+17       1.44556E+17
           1.29292           0.85965       4.24331E+14       6.69850E+14       1.09418E+15       3.61630E+17       5.70869E+17       9.32499E+17
           1.33015           0.86208       1.13966E+14       1.88816E+14       3.02782E+14       1.03457E+17       1.71405E+17       2.74861E+17
           1.38210           0.89987       6.10018E+14       7.92393E+14       1.40241E+15       5.28673E+17       6.86728E+17       1.21540E+18
           1.09825           1.06069       4.48666E+15       1.23664E+15       5.72330E+15       7.58267E+14       2.08998E+14       9.67265E+14
           1.40673           0.85412       2.07077E+13       1.30285E+14       1.50992E+14       2.17342E+16       1.36743E+17       1.58477E+17
           1.27158           0.77213       1.03470E+13       9.19025E+13       1.02250E+14       1.14803E+16       1.01969E+17       1.13449E+17
           1.46527           0.79827       7.23486E+10       5.45726E+13       5.46449E+13       8.57556E+13       6.46855E+16       6.47712E+16
           1.44869           0.76262       5.98162E+09       3.47873E+13       3.47933E+13       7.49028E+12       4.35613E+16       4.35688E+16
           1.50772           0.85947       2.73597E+13       1.34571E+14       1.61930E+14       2.94736E+16       1.44968E+17       1.74442E+17
           1.44557           0.84432       4.02886E+12       1.03151E+14       1.07180E+14       4.44375E+15       1.13774E+17       1.18217E+17
           1.51623           1.05730       5.70917E+15       2.32455E+15       8.03372E+15       8.85133E+17       3.60392E+17       1.24553E+18
           1.42377           0.89036       1.54285E+14       2.09303E+14       3.63588E+14       1.34690E+17       1.82721E+17       3.17411E+17
           1.48768           0.90551       6.21145E+14       7.75100E+14       1.39625E+15       5.56487E+17       6.94417E+17       1.25090E+18
           1.39990           1.07770       4.35501E+15       2.09748E+15       6.45249E+15       6.94302E+17       3.34392E+17       1.02869E+18
           1.52443           0.81342       6.69807E+11       6.70766E+13       6.77465E+13       8.07038E+14       8.08194E+16       8.16265E+16
           1.42815           0.80837       4.08716E+11       6.91996E+13       6.96084E+13       4.90085E+14       8.29763E+16       8.34664E+16
           1.35290           0.75711       3.84588E+10       4.75210E+13       4.75595E+13       4.55696E+13       5.63073E+16       5.63529E+16
           1.28430           0.97388       2.00246E+15       1.84099E+15       3.84345E+15       1.80275E+18       1.65739E+18       3.46013E+18
           1.54014           0.76737       1.22541E+10       3.53807E+13       3.53930E+13       1.54456E+13       4.45955E+16       4.46109E+16
           1.23047           0.77212       7.86379E+13       1.21585E+14       2.00223E+14       7.43437E+16       1.14946E+17       1.89289E+17
           2.05387           0.64916       1.14909E+15       1.23061E+15       2.37970E+15       3.28739E+18       3.52063E+18       6.80802E+18
           1.49366          -1.04477       1.98099E+13       1.04280E+14       1.24090E+14       6.53181E+16       3.43838E+17       4.09156E+17
           1.56716          -1.06759       2.30329E+14       2.78213E+14       5.08542E+14       7.16839E+17       8.65867E+17       1.58271E+18
           1.61254          -1.15693       2.54393E+15       1.26743E+15       3.81136E+15       4.81551E+18       2.39917E+18       7.21469E+18
           1.58521          -0.92702       1.06194E+12       4.12124E+13       4.22743E+13       3.05882E+15       1.18708E+17       1.21767E+17
           1.61602          -0.99119       2.18291E+13       9.36809E+13       1.15510E+14       6.90814E+16       2.96467E+17       3.65549E+17
           1.63017          -0.87280       1.23596E+11       2.92712E+13       2.93948E+13       3.26914E+14       7.74225E+16       7.77494E+16
           1.53270          -0.82780       4.80571E+08       1.36755E+13       1.36760E+13       9.65044E+11       2.74621E+16       2.74631E+16
           1.69962          -0.97702       1.93892E+14       2.55678E+14       4.49570E+14       5.88056E+17       7.75447E+17       1.36350E+18
           1.58691          -1.25673       3.78110E+15       1.02748E+15       4.80858E+15       4.54187E+18       1.23422E+18       5.77608E+18
           1.73667          -1.23967       1.68871E+16       1.23665E+15       1.81237E+16       7.11758E+13       5.21224E+12       7.63881E+13
           1.63960          -1.32867       1.38967E+16       1.20897E+15       1.51056E+16       1.72309E+15       1.49904E+14       1.87299E+15
           1.74079          -1.06135       2.18664E+15       1.19987E+15       3.38651E+15       5.20952E+18       2.85862E+18       8.06814E+18
           1.15333           0.83017       1.79000E+15       1.53080E+15       3.32079E+15       2.10678E+18       1.80171E+18       3.90848E+18
           1.83747          -0.84952       1.82299E+14       2.63539E+14       4.45838E+14       5.12614E+17       7.41055E+17       1.25367E+18
           1.73390          -1.15054       8.31484E+15       1.71625E+15       1.00311E+16       6.80464E+17       1.40453E+17       8.20917E+17
           1.69657          -1.17720       7.02368E+15       1.46276E+15       8.48643E+15       1.80016E+18       3.74903E+17       2.17507E+18
           1.74865          -0.89425       2.16583E+13       7.58507E+13       9.75091E+13       6.33507E+16       2.21863E+17       2.85214E+17
           1.64193          -0.79096       1.31503E+09       1.42889E+13       1.42903E+13       2.66756E+12       2.89853E+16       2.89880E+16
           1.59978          -0.83173       7.40124E+09       1.78469E+13       1.78543E+13       1.58777E+13       3.82866E+16       3.83025E+16
           1.65240          -0.72810       2.23727E+07       7.12040E+12       7.12042E+12       3.66040E+10       1.16497E+16       1.16497E+16
           1.61305          -0.76241       9.32883E+07       8.69066E+12       8.69076E+12       1.60066E+11       1.49116E+16       1.49118E+16
           1.75841          -0.72137       4.48856E+09       1.77133E+13       1.77178E+13       8.60028E+12       3.39395E+16       3.39481E+16
           2.14704           0.30353       4.01787E+13       8.99020E+13       1.30081E+14       2.28059E+16       5.10294E+16       7.38353E+16
           1.75467          -0.79287       2.47712E+11       3.14038E+13       3.16515E+13       5.90351E+14       7.48420E+16       7.54324E+16
           2.22017           0.08740       1.15811E+14       9.36974E+13       2.09508E+14       1.03887E+17       8.40502E+16       1.87937E+17
           1.72272          -0.70732       4.13929E+08       1.12128E+13       1.12132E+13       7.11629E+11       1.92771E+16       1.92778E+16
           1.88005          -0.68135       6.54167E+11       4.03401E+13       4.09943E+13       1.37542E+15       8.48171E+16       8.61925E+16
           1.87495          -0.62269       1.73298E+10       2.48805E+13       2.48978E+13       3.00994E+13       4.32139E+16       4.32440E+16
           1.76100          -0.66498       1.04241E+08       9.81814E+12       9.81825E+12       1.67306E+11       1.57581E+16       1.57582E+16
           1.86893          -0.57564       4.83993E+08       1.46395E+13       1.46400E+13       7.36467E+11       2.22762E+16       2.22769E+16
           1.83444          -0.62393       1.98020E+09       1.63892E+13       1.63911E+13       3.26491E+12       2.70221E+16       2.70254E+16
           1.95180          -0.55836       2.89271E+11       4.17542E+13       4.20435E+13       4.94850E+14       7.14281E+16       7.19229E+16
           1.96391           0.58948       2.91025E+13       7.84591E+13       1.07562E+14       1.64120E+16       4.42461E+16       6.06582E+16
           1.88311          -0.76369       2.91859E+13       7.51138E+13       1.04300E+14       7.29159E+16       1.87659E+17       2.60575E+17
           1.71697          -0.77070       2.13115E+10       2.04364E+13       2.04577E+13       4.51628E+13       4.33083E+16       4.33535E+16
           1.71000          -0.85420       1.64444E+12       4.04130E+13       4.20574E+13       4.34292E+15       1.06729E+17       1.11072E+17
           2.24369           0.51984       4.70321E+15       1.61693E+15       6.32014E+15       5.93391E+17       2.04004E+17       7.97395E+17
           1.90289          -1.03015       2.43535E+15       1.03813E+15       3.47348E+15       9.10696E+17       3.88206E+17       1.29890E+18
           1.54976          -0.76231       5.30733E+06       6.04553E+12       6.04554E+12       8.54642E+09       9.73516E+15       9.73516E+15
           2.00867          -0.60680       6.23892E+13       1.05436E+14       1.67825E+14       1.31055E+17       2.21479E+17       3.52535E+17
           1.83721          -0.67779       7.36751E+10       2.72761E+13       2.73498E+13       1.43667E+14       5.31889E+16       5.33325E+16
           1.96818          -0.46417       2.08959E+09       2.21579E+13       2.21599E+13       2.98268E+12       3.16282E+16       3.16311E+16
           1.94032          -0.51617       9.27407E+09       2.56307E+13       2.56400E+13       1.41946E+13       3.92296E+16       3.92438E+16
           2.05107          -0.41882       1.05963E+12       6.32990E+13       6.43586E+13       1.58713E+15       9.48099E+16       9.63970E+16
           2.18012          -0.20312       4.08236E+13       1.12327E+14       1.53151E+14       2.73890E+16       7.53616E+16       1.02751E+17
           1.97034          -0.69238       2.46080E+14       3.44314E+14       5.90394E+14       5.74790E+17       8.04244E+17       1.37903E+18
           1.83895          -0.74709       3.17912E+12       4.59742E+13       4.91534E+13       7.34897E+15       1.06276E+17       1.13625E+17
           2.08639          -0.51314       5.72395E+14       6.63545E+14       1.23594E+15       9.96421E+17       1.15509E+18       2.15151E+18
           1.98268          -0.50014       6.79059E+10       3.74986E+13       3.75665E+13       1.05489E+14       5.82527E+16       5.83582E+16
           1.99655          -0.54448       2.04275E+12       6.11096E+13       6.31524E+13       3.64752E+15       1.09117E+17       1.12764E+17
           2.15714          -0.73239       2.50650E+15       1.22807E+15       3.73457E+15       6.16040E+17       3.01831E+17       9.17871E+17
           2.11378          -0.43090       1.24074E+14       1.48308E+14       2.72382E+14       1.93832E+17       2.31691E+17       4.25523E+17
           2.16539          -0.54306       3.09031E+15       1.66180E+15       4.75211E+15       8.50416E+18       4.57309E+18       1.30773E+19
           2.28758          -0.38063       9.77661E+15       3.02126E+15       1.27979E+16       1.91808E+18       5.92742E+17       2.51082E+18
           2.07007          -0.45667       2.50207E+13       1.11404E+14       1.36424E+14       4.14346E+16       1.84486E+17       2.25920E+17
           2.36100          -0.41187       7.12728E+16       2.09641E+15       7.33692E+16       1.06686E+18       3.13805E+16       1.09824E+18
           2.03980          -0.78806       1.29442E+15       9.25471E+14       2.21989E+15       3.74768E+18       2.67948E+18       6.42717E+18
           1.95054          -0.90108       1.20312E+15       8.43685E+14       2.04681E+15       3.07556E+18       2.15673E+18       5.23229E+18
           2.09371          -0.38923       6.28528E+12       8.73161E+13       9.36014E+13       9.40411E+15       1.30643E+17       1.40047E+17
           2.03165          -0.38916       3.72833E+10       3.76363E+13       3.76736E+13       5.26564E+13       5.31549E+16       5.32076E+16
           2.05034          -0.33553       7.44363E+09       3.05317E+13       3.05392E+13       1.01068E+13       4.14555E+16       4.14656E+16
           2.14093          -0.31760       5.63417E+13       1.10072E+14       1.66413E+14       3.87584E+16       7.57200E+16       1.14478E+17
           2.10011          -0.24851       8.53063E+10       4.20831E+13       4.21684E+13       1.14485E+14       5.64774E+16       5.65918E+16
           1.34626           0.99740       2.59579E+15       2.05533E+15       4.65112E+15       2.51919E+18       1.99467E+18       4.51386E+18
           2.10778          -0.19508       1.58505E+10       3.29747E+13       3.29905E+13       2.08839E+13       4.34460E+16       4.34668E+16
           2.13489          -0.04836       1.07878E+10       3.05198E+13       3.05306E+13       1.39311E+13       3.94126E+16       3.94266E+16
           2.13840           0.36826       2.22792E+14       1.42767E+14       3.65559E+14       1.04584E+17       6.70186E+16       1.71603E+17
           2.15554          -0.34334       2.20472E+14       1.43463E+14       3.63935E+14       1.39861E+17       9.10093E+16       2.30871E+17
           2.07218          -0.35984       2.27546E+11       5.20854E+13       5.23129E+13       3.18545E+14       7.29151E+16       7.32336E+16
           2.18435          -0.29045       6.84008E+14       6.83469E+14       1.36748E+15       8.65953E+17       8.65272E+17       1.73123E+18
           2.15180          -0.25332       1.12380E+13       9.02831E+13       1.01521E+14       1.46044E+16       1.17328E+17       1.31932E+17
           2.22784          -0.09585       3.27721E+14       2.20143E+14       5.47863E+14       3.20981E+17       2.15615E+17       5.36596E+17
           2.13494          -0.20828       4.65425E+11       5.61393E+13       5.66047E+13       6.09091E+14       7.34683E+16       7.40773E+16
           2.12570          -0.26598       2.25042E+12       6.87850E+13       7.10354E+13       3.02601E+15       9.24910E+16       9.55170E+16
           2.16820          -0.10649       1.50424E+12       6.65573E+13       6.80616E+13       1.92590E+15       8.52145E+16       8.71404E+16
           2.13901          -0.09992       5.83506E+10       4.05400E+13       4.05983E+13       7.71496E+13       5.36009E+16       5.36780E+16
           2.20744          -0.02953       2.74699E+13       9.97520E+13       1.27222E+14       1.66124E+16       6.03250E+16       7.69374E+16
           2.24493          -0.31365       3.42623E+15       1.65204E+15       5.07826E+15       9.39047E+18       4.52785E+18       1.39183E+19
           2.30918          -0.16815       4.44322E+15       1.49829E+15       5.94151E+15       8.99119E+17       3.03191E+17       1.20231E+18
           1.96255          -0.61237       8.79421E+12       6.93329E+13       7.81271E+13       1.76265E+16       1.38966E+17       1.56593E+17
           1.78445           0.65224       8.76211E+09       3.03474E+13       3.03562E+13       1.09064E+13       3.77741E+16       3.77850E+16
           1.85564           0.60958       5.71943E+10       3.56970E+13       3.57541E+13       7.32464E+13       4.57156E+16       4.57889E+16
           1.67908           0.71341       4.90080E+09       2.93888E+13       2.93937E+13       6.02518E+12       3.61314E+16       3.61374E+16
           2.27903           0.04064       7.62124E+14       4.74695E+14       1.23682E+15       5.02052E+17       3.12707E+17       8.14759E+17
           1.74858           0.68935       5.22887E+10       3.91355E+13       3.91878E+13       6.65231E+13       4.97893E+16       4.98559E+16
           1.67218           0.75711       2.12603E+11       5.61223E+13       5.63349E+13       2.52530E+14       6.66622E+16       6.69148E+16
           1.78509           0.69220       3.41056E+11       5.90624E+13       5.94035E+13       4.10714E+14       7.11255E+16       7.15363E+16
           2.17227           0.28637       1.62055E+14       1.11034E+14       2.73089E+14       7.17293E+16       4.91461E+16       1.20875E+17
           1.90991           0.67007       1.31773E+14       1.38328E+14       2.70101E+14       1.22762E+17       1.28868E+17       2.51630E+17
           1.95557           0.50638       5.89801E+10       3.14288E+13       3.14878E+13       7.55629E+13       4.02653E+16       4.03409E+16
           1.96917           0.53681       1.51008E+12       5.28815E+13       5.43916E+13       1.85072E+15       6.48104E+16       6.66611E+16
           1.89598           0.60069       3.38038E+11       4.90145E+13       4.93525E+13       4.16838E+14       6.04402E+16       6.08571E+16
           1.86131           0.64619       1.69866E+12       6.28145E+13       6.45132E+13       2.07737E+15       7.68189E+16       7.88963E+16
           1.90389           0.63538       8.47976E+12       8.38355E+13       9.23153E+13       9.71624E+15       9.60599E+16       1.05776E+17
           1.96933           0.61133       1.03597E+14       1.02893E+14       2.06491E+14       4.64621E+16       4.61465E+16       9.26086E+16
           1.78250           0.77212       1.62427E+14       1.72131E+14       3.34557E+14       1.46249E+17       1.54987E+17       3.01236E+17
           1.99451           0.53642       7.10838E+12       6.57814E+13       7.28898E+13       8.09783E+15       7.49378E+16       8.30357E+16
           1.88738           0.56600       1.00436E+10       2.74539E+13       2.74639E+13       1.27077E+13       3.47362E+16       3.47489E+16
           2.01071           0.57543       2.78863E+14       5.17185E+14       7.96048E+14       2.59335E+17       4.80967E+17       7.40302E+17
           1.86620           0.68281       3.46514E+13       1.08695E+14       1.43346E+14       3.86503E+16       1.21239E+17       1.59889E+17
           1.54946           0.83868       5.37758E+12       1.00566E+14       1.05943E+14       5.89415E+15       1.10226E+17       1.16120E+17
           1.53279           0.88443       1.61763E+14       1.95251E+14       3.57014E+14       1.43566E+17       1.73288E+17       3.16854E+17
           1.62134           0.83178       3.04864E+13       1.24426E+14       1.54913E+14       3.30720E+16       1.34979E+17       1.68051E+17
           1.60740           0.87636       5.00450E+14       7.25233E+14       1.22568E+15       4.44739E+17       6.44498E+17       1.08924E+18
           1.60441           1.02703       7.25439E+15       2.09597E+15       9.35036E+15       4.60110E+17       1.32937E+17       5.93047E+17
           1.63105           0.94748       2.84303E+15       1.98192E+15       4.82494E+15       4.96453E+18       3.46085E+18       8.42538E+18
           2.27485          -0.05582       1.26249E+15       4.80647E+14       1.74314E+15       2.98206E+18       1.13531E+18       4.11737E+18
           1.53565           0.97700       3.68671E+15       2.25329E+15       5.93999E+15       5.52914E+18       3.37937E+18       8.90851E+18
           1.63192           0.78721       1.03935E+12       6.61768E+13       6.72161E+13       1.26328E+15       8.04347E+16       8.16979E+16
           1.56394           0.79292       1.22422E+11       5.38202E+13       5.39427E+13       1.44571E+14       6.35576E+16       6.37022E+16
           1.74630           0.73074       1.74188E+12       7.32113E+13       7.49532E+13       2.07230E+15       8.70989E+16       8.91713E+16
           1.64147           0.74263       2.62123E+10       3.70413E+13       3.70675E+13       3.32390E+13       4.69709E+16       4.70041E+16
           1.86797           0.71942       4.41657E+14       7.90238E+14       1.23189E+15       3.92454E+17       7.02202E+17       1.09466E+18
           1.74308           0.77213       3.94874E+13       1.38856E+14       1.78343E+14       4.34865E+16       1.52919E+17       1.96405E+17
           1.73657           0.81352       5.23037E+14       9.05884E+14       1.42892E+15       4.74256E+17       8.21395E+17       1.29565E+18
           1.65420           0.84450       1.48832E+14       1.71196E+14       3.20028E+14       1.33809E+17       1.53915E+17       2.87724E+17
           1.76535           0.90134       2.38665E+15       1.97650E+15       4.36314E+15       5.51302E+18       4.56559E+18       1.00786E+19
           1.70663           1.00345       4.27081E+15       1.82383E+15       6.09464E+15       1.02574E+18       4.38035E+17       1.46377E+18
           1.89272           0.96256       1.82808E+15       9.43643E+14       2.77172E+15       3.44055E+17       1.77599E+17       5.21654E+17
           1.66428           0.80081       6.83105E+12       9.80482E+13       1.04879E+14       7.55470E+15       1.08435E+17       1.15990E+17
           1.78483           0.73216       9.16380E+12       1.01882E+14       1.11046E+14       1.01144E+16       1.12450E+17       1.22565E+17
           2.18105           0.79675       3.37326E+15       1.64298E+15       5.01624E+15       3.75419E+13       1.82851E+13       5.58270E+13
           1.97054           0.73441       1.34799E+15       1.52597E+15       2.87397E+15       3.82098E+18       4.32548E+18       8.14647E+18
           1.57740           0.74717       2.23507E+09       2.72285E+13       2.72308E+13       2.73448E+12       3.33125E+16       3.33153E+16
           2.13994           0.09946       6.28620E+10       3.18817E+13       3.19446E+13       8.27484E+13       4.19675E+16       4.20502E+16
           2.28024          -0.45204       9.96910E+15       3.17460E+15       1.31437E+16       8.94578E+17       2.84873E+17       1.17945E+18
           2.10411           0.24632       9.31362E+10       3.29336E+13       3.30268E+13       1.20970E+14       4.27757E+16       4.28967E+16
           2.11034           0.19404       1.73256E+10       2.53947E+13       2.54120E+13       2.24771E+13       3.29455E+16       3.29679E+16
           2.13787           0.20598       5.04748E+11       4.30810E+13       4.35858E+13       6.39799E+14       5.46078E+16       5.52476E+16
           2.05723           0.33241       2.23711E+10       3.05885E+13       3.06108E+13       2.89667E+13       3.96068E+16       3.96358E+16
           2.16510           0.05124       3.38165E+11       4.26188E+13       4.29570E+13       4.25387E+14       5.36114E+16       5.40368E+16
           2.19805          -0.21451       1.71335E+14       1.46283E+14       3.17617E+14       9.95196E+16       8.49683E+16       1.84488E+17
           2.19492           0.05425       7.78540E+12       6.58238E+13       7.36092E+13       9.14966E+15       7.73583E+16       8.65079E+16
           2.19082          -0.08446       7.33352E+12       8.46684E+13       9.20019E+13       8.69280E+15       1.00362E+17       1.09055E+17
           2.22653          -0.02953       1.08711E+14       1.31230E+14       2.39942E+14       5.06238E+16       6.11103E+16       1.11734E+17
           2.23556           0.03014       1.58788E+14       1.91089E+14       3.49877E+14       6.97776E+16       8.39716E+16       1.53749E+17
           2.18288           0.19630       5.00720E+13       8.02502E+13       1.30322E+14       2.94829E+16       4.72521E+16       7.67349E+16
           2.19862           0.11151       3.05384E+13       7.86553E+13       1.09194E+14       3.52231E+16       9.07212E+16       1.25944E+17
           2.22219           0.14768       5.34130E+14       3.58868E+14       8.92998E+14       2.31584E+17       1.55596E+17       3.87180E+17
           2.13028           0.26116       2.39718E+12       5.35141E+13       5.59113E+13       2.98564E+15       6.66509E+16       6.96366E+16
           2.31022           0.20411       3.54596E+15       1.33416E+15       4.88012E+15       1.66650E+18       6.27017E+17       2.29351E+18
           2.16926           0.10548       1.62812E+12       5.15868E+13       5.32149E+13       2.05829E+15       6.52170E+16       6.72753E+16
           2.16460          -0.05155       3.13494E+11       5.23018E+13       5.26152E+13       3.96785E+14       6.61976E+16       6.65944E+16
           2.19935           0.23433       5.61264E+14       4.30664E+14       9.91927E+14       2.39366E+17       1.83668E+17       4.23035E+17
           1.99701           0.48609       3.46533E+11       4.31411E+13       4.34876E+13       4.33796E+14       5.40048E+16       5.44386E+16
           2.04077           0.38373       1.21131E+11       3.93719E+13       3.94930E+13       1.55762E+14       5.06279E+16       5.07837E+16
           2.06147           0.40680       3.12874E+12       6.80929E+13       7.12216E+13       3.85441E+15       8.38861E+16       8.77405E+16
           2.04533           0.52003       1.24584E+14       1.17161E+14       2.41745E+14       5.80954E+16       5.46339E+16       1.12729E+17
           2.16276           0.63740       2.30845E+15       1.17935E+15       3.48780E+15       1.14935E+18       5.87184E+17       1.73653E+18
           2.08401           0.47967       6.34077E+14       7.47764E+14       1.38184E+15       2.67445E+17       3.15397E+17       5.82842E+17
           2.00886           0.86260       1.63978E+15       7.10067E+14       2.34985E+15       8.33357E+17       3.60864E+17       1.19422E+18
           2.03456           0.50287       2.76982E+13       8.98686E+13       1.17567E+14       1.64278E+16       5.33012E+16       6.97291E+16
           2.06738           0.45525       5.74313E+13       1.13318E+14       1.70749E+14       3.21438E+16       6.34232E+16       9.55670E+16
           1.98074           0.45800       1.18817E+10       2.57651E+13       2.57770E+13       1.52492E+13       3.30675E+16       3.30828E+16
           2.12975           0.40088       6.44797E+14       7.13675E+14       1.35847E+15       2.85363E+17       3.15846E+17       6.01209E+17
           2.15604           0.24545       1.14359E+13       6.78609E+13       7.92968E+13       1.32567E+16       7.86656E+16       9.19223E+16
           2.16993           0.31982       4.32715E+14       5.41595E+14       9.74310E+14       1.80897E+17       2.26415E+17       4.07312E+17
           2.20540           0.43137       3.02249E+15       1.67008E+15       4.69257E+15       3.59436E+18       1.98607E+18       5.58043E+18
           2.11048           0.93671       3.21643E+15       1.01372E+15       4.23015E+15       5.94132E+13       1.87252E+13       7.81384E+13
           2.15828           0.52331       2.44182E+15       1.59521E+15       4.03703E+15       2.79574E+18       1.82642E+18       4.62216E+18
           2.23862           0.34083       2.05107E+15       1.39215E+15       3.44322E+15       2.02832E+18       1.37670E+18       3.40502E+18
           2.27209           0.10091       1.70074E+15       7.66513E+14       2.46725E+15       1.43907E+18       6.48581E+17       2.08765E+18
           2.12322           0.35643       5.45186E+13       1.08562E+14       1.63081E+14       3.23168E+16       6.43520E+16       9.66688E+16
           2.08006           0.35282       6.56619E+11       5.24003E+13       5.30569E+13       8.30665E+14       6.62897E+16       6.71204E+16
           2.08818           0.39860       1.44448E+13       8.58727E+13       1.00318E+14       1.64548E+16       9.78220E+16       1.14277E+17
           2.13532           0.04822       1.15719E+10       2.51570E+13       2.51686E+13       1.49000E+13       3.23923E+16       3.24072E+16
           1.51437          -0.91558       7.71773E+10       3.16388E+13       3.17160E+13       2.12344E+14       8.70504E+16       8.72627E+16