 Global NB Heating and Current Drive Parameters
 ----------------------------------------------
 TOTALS:
 Total Absorbed Power      =    4.8800 MW
 Total Lost Power          =    0.0000 MW
 Total NB Driven Current   =          NaN A
 Total NBCD Efficiency     =          NaN A/W
 Total Beam Beta           =  0.24917E-02
 Taus                      =  0.63969E-02 s
 Volp                      =  0.15071E+02 m3

 Information per Beamline and Energy Group:
 -----------------------------------------
                       Beam 1          Beam 2          Beam 3
                       ------          ------          ------
 Absorbed Power     0.48800E+01
 Lost Power         0.00000E+00
 NB driven current          NaN
 NBCD efficiency            NaN
 NBCD gamma                 NaN

 Beam Shinethrough
    energy group 1  0.00000E+00
    energy group 2  0.00000E+00
    energy group 3  0.00000E+00

 Beam-Target Parameters
 ----------------------
 Total Beam-Target Fusion Power   =          NaN MW
 Total Power to Charged Particles =          NaN MW
 Total DT Neutron Rate            =  0.00000E+00 n/s
 Total DD Neutron Rate            =          NaN n/s

 Neutral Beam Deposition Profiles
 --------------------------------
 Beam  1
     rho      hofr_1       hofr_2       hofr_3
  0.00000  0.55148E+01  0.22493E+01  0.10370E+01
  0.02000  0.11625E+02  0.48769E+01  0.23014E+01
  0.04000  0.75893E+01  0.32326E+01  0.15485E+01
  0.06000  0.66091E+01  0.28837E+01  0.14138E+01
  0.08000  0.60222E+01  0.27137E+01  0.13710E+01
  0.10000  0.55018E+01  0.25814E+01  0.13518E+01
  0.12000  0.48838E+01  0.24117E+01  0.13191E+01
  0.14000  0.43910E+01  0.22778E+01  0.12982E+01
  0.16000  0.39997E+01  0.21709E+01  0.12853E+01
  0.18000  0.36727E+01  0.20826E+01  0.12778E+01
  0.20000  0.33623E+01  0.19955E+01  0.12688E+01
  0.22000  0.30589E+01  0.19018E+01  0.12534E+01
  0.24000  0.28092E+01  0.18227E+01  0.12413E+01
  0.26000  0.25866E+01  0.17487E+01  0.12286E+01
  0.28000  0.23836E+01  0.16778E+01  0.12148E+01
  0.30000  0.21975E+01  0.16093E+01  0.11996E+01
  0.32000  0.20269E+01  0.15432E+01  0.11831E+01
  0.34000  0.17280E+01  0.14123E+01  0.11308E+01
  0.36000  0.15368E+01  0.13191E+01  0.10910E+01
  0.38000  0.14132E+01  0.12563E+01  0.10654E+01
  0.40000  0.13143E+01  0.12049E+01  0.10449E+01
  0.42000  0.12345E+01  0.11637E+01  0.10303E+01
  0.44000  0.11651E+01  0.11271E+01  0.10172E+01
  0.46000  0.11038E+01  0.10940E+01  0.10055E+01
  0.48000  0.10490E+01  0.10640E+01  0.99501E+00
  0.50000  0.10018E+01  0.10387E+01  0.98767E+00
  0.52000  0.95885E+00  0.10153E+01  0.98089E+00
  0.54000  0.91955E+00  0.99358E+00  0.97485E+00
  0.56000  0.88340E+00  0.97337E+00  0.96939E+00
  0.58000  0.85333E+00  0.95813E+00  0.96810E+00
  0.60000  0.82539E+00  0.94383E+00  0.96712E+00
  0.62000  0.79937E+00  0.93043E+00  0.96650E+00
  0.64000  0.77513E+00  0.91796E+00  0.96636E+00
  0.66000  0.75373E+00  0.90785E+00  0.96831E+00
  0.68000  0.73367E+00  0.89843E+00  0.97062E+00
  0.70000  0.71472E+00  0.88945E+00  0.97301E+00
  0.72000  0.69678E+00  0.88084E+00  0.97543E+00
  0.74000  0.67927E+00  0.87203E+00  0.97730E+00
  0.76000  0.66267E+00  0.86362E+00  0.97930E+00
  0.78000  0.64691E+00  0.85562E+00  0.98145E+00
  0.80000  0.63190E+00  0.84788E+00  0.98359E+00
  0.82000  0.61546E+00  0.83751E+00  0.98230E+00
  0.84000  0.59978E+00  0.82740E+00  0.98088E+00
  0.86000  0.58285E+00  0.81488E+00  0.97625E+00
  0.88000  0.56700E+00  0.80324E+00  0.97232E+00
  0.90000  0.54988E+00  0.78888E+00  0.96449E+00
  0.92000  0.53187E+00  0.77234E+00  0.95335E+00
  0.94000  0.51495E+00  0.75638E+00  0.94218E+00
  0.96000  0.49197E+00  0.73048E+00  0.91782E+00
  0.98000  0.43888E+00  0.65802E+00  0.83325E+00
  1.00000  0.00000E+00  0.00000E+00  0.00000E+00

 Pitch Angle at Birth
 --------------------------------
 Angle  1
     rho      zeta_1       zeta_2       zeta_3
  0.00000  0.98938E+00  0.98830E+00  0.98728E+00
  0.02000  0.98915E+00  0.98800E+00  0.98691E+00
  0.04000  0.98836E+00  0.98697E+00  0.98565E+00
  0.06000  0.98704E+00  0.98527E+00  0.98363E+00
  0.08000  0.98517E+00  0.98295E+00  0.98094E+00
  0.10000  0.98269E+00  0.98000E+00  0.97766E+00
  0.12000  0.97900E+00  0.97594E+00  0.97338E+00
  0.14000  0.97497E+00  0.97152E+00  0.96878E+00
  0.16000  0.97081E+00  0.96692E+00  0.96397E+00
  0.18000  0.96660E+00  0.96230E+00  0.95914E+00
  0.20000  0.96195E+00  0.95735E+00  0.95409E+00
  0.22000  0.95669E+00  0.95190E+00  0.94863E+00
  0.24000  0.95152E+00  0.94651E+00  0.94320E+00
  0.26000  0.94622E+00  0.94104E+00  0.93773E+00
  0.28000  0.94071E+00  0.93544E+00  0.93216E+00
  0.30000  0.93498E+00  0.92970E+00  0.92651E+00
  0.32000  0.92903E+00  0.92385E+00  0.92079E+00
  0.34000  0.91744E+00  0.91457E+00  0.91281E+00
  0.36000  0.90834E+00  0.90670E+00  0.90565E+00
  0.38000  0.90145E+00  0.90023E+00  0.89943E+00
  0.40000  0.89517E+00  0.89420E+00  0.89355E+00
  0.42000  0.88925E+00  0.88845E+00  0.88791E+00
  0.44000  0.88358E+00  0.88290E+00  0.88245E+00
  0.46000  0.87810E+00  0.87751E+00  0.87712E+00
  0.48000  0.87277E+00  0.87226E+00  0.87192E+00
  0.50000  0.86758E+00  0.86713E+00  0.86683E+00
  0.52000  0.86250E+00  0.86210E+00  0.86184E+00
  0.54000  0.85753E+00  0.85718E+00  0.85694E+00
  0.56000  0.85266E+00  0.85234E+00  0.85213E+00
  0.58000  0.84787E+00  0.84759E+00  0.84740E+00
  0.60000  0.84317E+00  0.84292E+00  0.84275E+00
  0.62000  0.83855E+00  0.83832E+00  0.83817E+00
  0.64000  0.83400E+00  0.83380E+00  0.83366E+00
  0.66000  0.82953E+00  0.82934E+00  0.82922E+00
  0.68000  0.82512E+00  0.82495E+00  0.82484E+00
  0.70000  0.82078E+00  0.82062E+00  0.82053E+00
  0.72000  0.81650E+00  0.81636E+00  0.81627E+00
  0.74000  0.81228E+00  0.81215E+00  0.81208E+00
  0.76000  0.80811E+00  0.80801E+00  0.80794E+00
  0.78000  0.80401E+00  0.80391E+00  0.80386E+00
  0.80000  0.79996E+00  0.79988E+00  0.79983E+00
  0.82000  0.79597E+00  0.79589E+00  0.79585E+00
  0.84000  0.79202E+00  0.79196E+00  0.79192E+00
  0.86000  0.78813E+00  0.78807E+00  0.78804E+00
  0.88000  0.78429E+00  0.78424E+00  0.78421E+00
  0.90000  0.78049E+00  0.78045E+00  0.78043E+00
  0.92000  0.77675E+00  0.77671E+00  0.77670E+00
  0.94000  0.77304E+00  0.77302E+00  0.77300E+00
  0.96000  0.76939E+00  0.76936E+00  0.76936E+00
  0.98000  0.76577E+00  0.76576E+00  0.76575E+00
  1.00000  0.00000E+00  0.00000E+00  0.00000E+00

   rho     jnbtot      pNBe        pNBi        nbfast      pressb      pfusb      dvol      dA
 0.0000         NaN  0.5824E+00  0.9120E+00  0.6597E+19  0.2652E+05         NaN  0.1328E-02  0.1250E-03
 0.0200         NaN  0.1235E+01  0.1925E+01  0.1395E+20  0.5595E+05         NaN  0.1063E-01  0.1000E-02
 0.0400         NaN  0.8107E+00  0.1256E+01  0.9125E+19  0.3653E+05         NaN  0.2126E-01  0.2001E-02
 0.0600         NaN  0.7102E+00  0.1094E+01  0.7970E+19  0.3183E+05         NaN  0.3191E-01  0.3004E-02
 0.0800         NaN  0.6514E+00  0.9995E+00  0.7291E+19  0.2903E+05         NaN  0.4259E-01  0.4008E-02
 0.1000         NaN  0.6016E+00  0.9143E+00  0.6718E+19  0.2663E+05         NaN  0.5330E-01  0.5016E-02
 0.1200         NaN  0.5404E+00  0.8144E+00  0.6024E+19  0.2374E+05         NaN  0.6405E-01  0.6028E-02
 0.1400         NaN  0.4917E+00  0.7349E+00  0.5472E+19  0.2145E+05         NaN  0.7485E-01  0.7045E-02
 0.1600         NaN  0.4532E+00  0.6716E+00  0.5035E+19  0.1963E+05         NaN  0.8571E-01  0.8066E-02
 0.1800         NaN  0.4226E+00  0.6173E+00  0.4672E+19  0.1809E+05         NaN  0.9663E-01  0.9094E-02
 0.2000         NaN  0.3931E+00  0.5661E+00  0.4324E+19  0.1663E+05         NaN  0.1076E+00  0.1013E-01
 0.2200         NaN  0.3635E+00  0.5162E+00  0.3980E+19  0.1519E+05         NaN  0.1187E+00  0.1117E-01
 0.2400         NaN  0.3393E+00  0.4749E+00  0.3697E+19  0.1400E+05         NaN  0.1299E+00  0.1222E-01
 0.2600         NaN  0.3184E+00  0.4372E+00  0.3437E+19  0.1291E+05         NaN  0.1411E+00  0.1328E-01
 0.2800         NaN  0.2991E+00  0.4028E+00  0.3198E+19  0.1191E+05         NaN  0.1525E+00  0.1435E-01
 0.3000         NaN  0.2812E+00  0.3713E+00  0.2977E+19  0.1099E+05         NaN  0.1640E+00  0.1544E-01
 0.3200         NaN  0.2646E+00  0.3423E+00  0.2773E+19  0.1015E+05         NaN  0.1756E+00  0.1653E-01
 0.3400         NaN  0.2314E+00  0.2943E+00  0.2397E+19  0.8653E+04         NaN  0.1874E+00  0.1763E-01
 0.3600         NaN  0.2107E+00  0.2623E+00  0.2152E+19  0.7677E+04         NaN  0.1992E+00  0.1875E-01
 0.3800         NaN  0.1982E+00  0.2408E+00  0.1991E+19  0.7027E+04         NaN  0.2113E+00  0.1988E-01
 0.4000         NaN  0.1885E+00  0.2232E+00  0.1860E+19  0.6498E+04         NaN  0.2235E+00  0.2103E-01
 0.4200         NaN  0.1811E+00  0.2086E+00  0.1748E+19  0.6042E+04         NaN  0.2358E+00  0.2219E-01
 0.4400         NaN  0.1749E+00  0.1957E+00  0.1649E+19  0.5639E+04         NaN  0.2483E+00  0.2337E-01
 0.4600         NaN  0.1695E+00  0.1841E+00  0.1560E+19  0.5276E+04         NaN  0.2610E+00  0.2457E-01
 0.4800         NaN  0.1649E+00  0.1735E+00  0.1478E+19  0.4946E+04         NaN  0.2739E+00  0.2578E-01
 0.5000         NaN  0.1611E+00  0.1644E+00  0.1405E+19  0.4648E+04         NaN  0.2870E+00  0.2701E-01
 0.5200         NaN  0.1577E+00  0.1559E+00  0.1336E+19  0.4372E+04         NaN  0.3003E+00  0.2826E-01
 0.5400         NaN  0.1548E+00  0.1479E+00  0.1273E+19  0.4114E+04         NaN  0.3138E+00  0.2954E-01
 0.5600         NaN  0.1523E+00  0.1405E+00  0.1212E+19  0.3873E+04         NaN  0.3276E+00  0.3083E-01
 0.5800         NaN  0.1504E+00  0.1342E+00  0.1157E+19  0.3654E+04         NaN  0.3415E+00  0.3214E-01
 0.6000         NaN  0.1488E+00  0.1283E+00  0.1105E+19  0.3446E+04         NaN  0.3557E+00  0.3348E-01
 0.6200         NaN  0.1475E+00  0.1226E+00  0.1055E+19  0.3248E+04         NaN  0.3702E+00  0.3484E-01
 0.6400         NaN  0.1464E+00  0.1172E+00  0.1006E+19  0.3059E+04         NaN  0.3849E+00  0.3622E-01
 0.6600         NaN  0.1456E+00  0.1123E+00  0.9616E+18  0.2886E+04         NaN  0.3998E+00  0.3763E-01
 0.6800         NaN  0.1450E+00  0.1076E+00  0.9184E+18  0.2720E+04         NaN  0.4150E+00  0.3906E-01
 0.7000         NaN  0.1446E+00  0.1031E+00  0.8762E+18  0.2559E+04         NaN  0.4306E+00  0.4052E-01
 0.7200         NaN  0.1443E+00  0.9860E-01  0.8349E+18  0.2404E+04         NaN  0.4464E+00  0.4201E-01
 0.7400         NaN  0.1442E+00  0.9414E-01  0.7939E+18  0.2251E+04         NaN  0.4625E+00  0.4352E-01
 0.7600         NaN  0.1442E+00  0.8976E-01  0.7536E+18  0.2103E+04         NaN  0.4788E+00  0.4507E-01
 0.7800         NaN  0.1443E+00  0.8546E-01  0.7138E+18  0.1960E+04         NaN  0.4956E+00  0.4664E-01
 0.8000         NaN  0.1446E+00  0.8121E-01  0.6744E+18  0.1820E+04         NaN  0.5126E+00  0.4824E-01
 0.8200         NaN  0.1448E+00  0.7650E-01  0.6327E+18  0.1674E+04         NaN  0.5299E+00  0.4988E-01
 0.8400         NaN  0.1452E+00  0.7167E-01  0.5894E+18  0.1526E+04         NaN  0.5476E+00  0.5154E-01
 0.8600         NaN  0.1456E+00  0.6641E-01  0.5437E+18  0.1374E+04         NaN  0.5657E+00  0.5324E-01
 0.8800         NaN  0.1466E+00  0.6094E-01  0.4952E+18  0.1217E+04         NaN  0.5841E+00  0.5497E-01
 0.9000         NaN  0.1475E+00  0.5490E-01  0.4424E+18  0.1052E+04         NaN  0.6028E+00  0.5673E-01
 0.9200         NaN  0.1486E+00  0.4823E-01  0.3844E+18  0.8785E+03         NaN  0.6219E+00  0.5853E-01
 0.9400         NaN  0.1506E+00  0.4098E-01  0.3200E+18  0.6955E+03         NaN  0.6414E+00  0.6037E-01
 0.9600         NaN  0.1516E+00  0.3245E-01  0.2478E+18  0.5037E+03         NaN  0.6613E+00  0.6224E-01
 0.9800         NaN  0.1435E+00  0.2145E-01  0.1658E+18  0.3059E+03         NaN  0.6816E+00  0.6415E-01
 1.0000  0.0000E+00  0.0000E+00  0.0000E+00  0.0000E+00  0.0000E+00  0.0000E+00  0.0000E+00  0.0000E+00
