0.000000000000000000e+00 6.801276218109852945e-01
1.010101010101010187e-02 7.038731736392207505e-01
2.020202020202020374e-02 7.275409253092574025e-01
3.030303030303030387e-02 7.511604618918999998e-01
4.040404040404040747e-02 7.748155778529113302e-01
5.050505050505051108e-02 7.984949017397173776e-01
6.060606060606060774e-02 8.222335384055388108e-01
7.070707070707071829e-02 8.461054740310960387e-01
8.080808080808081495e-02 8.700937301150969416e-01
9.090909090909091161e-02 8.942434919673722948e-01
1.010101010101010222e-01 9.186029578542754814e-01
1.111111111111111188e-01 9.431638664978155839e-01
1.212121212121212155e-01 9.679823831355401920e-01
1.313131313131313260e-01 9.930933344665291429e-01
1.414141414141414366e-01 1.018314015729233857e+00
1.515151515151515194e-01 1.043534696991938571e+00
1.616161616161616299e-01 1.068755378254643063e+00
1.717171717171717404e-01 1.093976059517347776e+00
1.818181818181818232e-01 1.119196740780052490e+00
1.919191919191919338e-01 1.144417422042757204e+00
2.020202020202020443e-01 1.169638103305461918e+00
2.121212121212121271e-01 1.194858784568166410e+00
2.222222222222222376e-01 1.220079465830871124e+00
2.323232323232323482e-01 1.245300147093575838e+00
2.424242424242424310e-01 1.270520828356280330e+00
2.525252525252525415e-01 1.295741509618985265e+00
2.626262626262626521e-01 1.320962190881689757e+00
2.727272727272727626e-01 1.346182872144394471e+00
2.828282828282828731e-01 1.371403553407099185e+00
2.929292929292929282e-01 1.396624234669803677e+00
3.030303030303030387e-01 1.421844915932508391e+00
3.131313131313131493e-01 1.447065597195213105e+00
3.232323232323232598e-01 1.472286278457917819e+00
3.333333333333333703e-01 1.497506959720622532e+00
3.434343434343434809e-01 1.522727640983327024e+00
3.535353535353535914e-01 1.547948322246031960e+00
3.636363636363636465e-01 1.573169003508736452e+00
3.737373737373737570e-01 1.598389684771440944e+00
3.838383838383838675e-01 1.623610366034145658e+00
3.939393939393939781e-01 1.648831047296850372e+00
4.040404040404040886e-01 1.674051728559555086e+00
4.141414141414141992e-01 1.699272409822259799e+00
4.242424242424242542e-01 1.724493091084964291e+00
4.343434343434343647e-01 1.749713772347669005e+00
4.444444444444444753e-01 1.774934453610373719e+00
4.545454545454545858e-01 1.800155134873078211e+00
4.646464646464646964e-01 1.825375816135783147e+00
4.747474747474748069e-01 1.850596497398487639e+00
4.848484848484848619e-01 1.875817178661192131e+00
4.949494949494949725e-01 1.901037859923897066e+00
5.050505050505050830e-01 1.926258541186601558e+00
5.151515151515152491e-01 1.951479222449306494e+00
5.252525252525253041e-01 1.976699903712010986e+00
5.353535353535353591e-01 2.001920584974715478e+00
5.454545454545455252e-01 2.027141266237420414e+00
5.555555555555555802e-01 2.052361947500124906e+00
5.656565656565657463e-01 2.077582628762829842e+00
5.757575757575758013e-01 2.102803310025534334e+00
5.858585858585858563e-01 2.128023991288238825e+00
5.959595959595960224e-01 2.153244672550943761e+00
6.060606060606060774e-01 2.178465353813648253e+00
6.161616161616162435e-01 2.203686035076353189e+00
6.262626262626262985e-01 2.228906716339057681e+00
6.363636363636364646e-01 2.254127397601762617e+00
6.464646464646465196e-01 2.279348078864467109e+00
6.565656565656565746e-01 2.304568760127171601e+00
6.666666666666667407e-01 2.329789441389876536e+00
6.767676767676767957e-01 2.355010122652581028e+00
6.868686868686869618e-01 2.380230803915285520e+00
6.969696969696970168e-01 2.405451485177990456e+00
7.070707070707071829e-01 2.430672166440694948e+00
7.171717171717172379e-01 2.455892847703399440e+00
7.272727272727272929e-01 2.481113528966104376e+00
7.373737373737374590e-01 2.506334210228808868e+00
7.474747474747475140e-01 2.531554891491513359e+00
7.575757575757576801e-01 2.556775572754218295e+00
7.676767676767677351e-01 2.581996254016922787e+00
7.777777777777777901e-01 2.607216935279627279e+00
7.878787878787879562e-01 2.632437616542332215e+00
7.979797979797980112e-01 2.657658297805036707e+00
8.080808080808081773e-01 2.682878979067741643e+00
8.181818181818182323e-01 2.708099660330446135e+00
8.282828282828283983e-01 2.733320341593151070e+00
8.383838383838384534e-01 2.758541022855855562e+00
8.484848484848485084e-01 2.783761704118560054e+00
8.585858585858586745e-01 2.808982385381264990e+00
8.686868686868687295e-01 2.834203066643969482e+00
8.787878787878788955e-01 2.859423747906674418e+00
8.888888888888889506e-01 2.884644429169378910e+00
8.989898989898991166e-01 2.909865110432083846e+00
9.090909090909091717e-01 2.935085791694788337e+00
9.191919191919192267e-01 2.960306472957492829e+00
9.292929292929293927e-01 2.985527154220197765e+00
9.393939393939394478e-01 3.010747835482902257e+00
9.494949494949496138e-01 3.035968516745607193e+00
9.595959595959596689e-01 3.061189198008311685e+00
9.696969696969697239e-01 3.086409879271016177e+00
9.797979797979798899e-01 3.111630560533721113e+00
9.898989898989899450e-01 3.136851241796425604e+00
1.000000000000000000e+00 3.162071923059130096e+00
