0.000000000000000000e+00 3.000000000000000000e+01
5.000000000000000104e-03 3.021851200000000048e+01
1.000000000000000021e-02 1.108222400000000007e+01
1.499999999999999944e-02 6.258785699999999785e+00
2.000000000000000042e-02 4.210925099999999865e+00
2.500000000000000139e-02 3.122852099999999798e+00
2.999999999999999889e-02 2.469228699999999943e+00
3.500000000000000333e-02 2.038526800000000083e+00
4.000000000000000083e-02 1.740755899999999912e+00
4.499999999999999833e-02 1.524361000000000077e+00
5.000000000000000278e-02 1.364265899999999920e+00
5.500000000000000028e-02 1.242674000000000056e+00
5.999999999999999778e-02 1.150224799999999936e+00
6.500000000000000222e-02 1.079718699999999920e+00
7.000000000000000666e-02 1.026708100000000012e+00
7.499999999999999722e-02 9.889867300000000361e-01
8.000000000000000167e-02 9.640474300000000385e-01
8.500000000000000611e-02 9.511699700000000313e-01
8.999999999999999667e-02 9.491353000000000151e-01
9.500000000000000111e-02 9.569951899999999956e-01
1.000000000000000056e-01 9.725291099999999744e-01
1.049999999999999961e-01 9.904243900000000433e-01
1.100000000000000006e-01 1.000123400000000107e+00
1.150000000000000050e-01 9.774219400000000446e-01
1.199999999999999956e-01 9.165537999999999741e-01
1.250000000000000000e-01 8.439729200000000153e-01
1.300000000000000044e-01 7.843446099999999976e-01
1.350000000000000089e-01 7.421137100000000375e-01
1.400000000000000133e-01 7.100983299999999998e-01
1.449999999999999900e-01 6.896562000000000525e-01
1.499999999999999944e-01 6.781759899999999508e-01
1.549999999999999989e-01 6.681551900000000099e-01
1.600000000000000033e-01 6.564781699999999720e-01
1.650000000000000078e-01 6.421172000000000546e-01
1.700000000000000122e-01 6.246458299999999575e-01
1.749999999999999889e-01 6.054024099999999464e-01
1.799999999999999933e-01 5.885608799999999530e-01
1.849999999999999978e-01 5.736342100000000332e-01
1.900000000000000022e-01 5.605599300000000396e-01
1.950000000000000067e-01 5.488749099999999936e-01
2.000000000000000111e-01 5.378659999999999553e-01
2.049999999999999878e-01 5.271432400000000129e-01
2.099999999999999922e-01 5.161755099999999485e-01
2.149999999999999967e-01 5.055058599999999736e-01
2.200000000000000011e-01 4.957161199999999823e-01
2.250000000000000056e-01 4.861498499999999945e-01
2.300000000000000100e-01 4.770841900000000191e-01
2.349999999999999867e-01 4.685526199999999752e-01
2.399999999999999911e-01 4.603205300000000055e-01
2.449999999999999956e-01 4.523349700000000029e-01
2.500000000000000000e-01 4.446891800000000172e-01
2.550000000000000044e-01 4.370708799999999949e-01
2.600000000000000089e-01 4.301143900000000131e-01
2.650000000000000133e-01 4.232706700000000155e-01
2.700000000000000178e-01 4.167537099999999994e-01
2.750000000000000222e-01 4.103803300000000154e-01
2.800000000000000266e-01 4.043118700000000176e-01
2.849999999999999756e-01 3.985671399999999864e-01
2.899999999999999800e-01 3.928637799999999958e-01
2.949999999999999845e-01 3.873537799999999809e-01
2.999999999999999889e-01 3.821293099999999998e-01
3.049999999999999933e-01 3.769725899999999963e-01
3.099999999999999978e-01 3.718829499999999899e-01
3.150000000000000022e-01 3.670529399999999942e-01
3.200000000000000067e-01 3.625300200000000084e-01
3.250000000000000111e-01 3.580075799999999919e-01
3.300000000000000155e-01 3.537030800000000030e-01
3.350000000000000200e-01 3.495904200000000128e-01
3.400000000000000244e-01 3.455564400000000203e-01
3.449999999999999734e-01 3.416997199999999846e-01
3.499999999999999778e-01 3.379305300000000067e-01
3.549999999999999822e-01 3.342510799999999782e-01
3.599999999999999867e-01 3.308278599999999736e-01
3.649999999999999911e-01 3.274237199999999737e-01
3.699999999999999956e-01 3.241934499999999941e-01
3.750000000000000000e-01 3.209709800000000168e-01
3.800000000000000044e-01 3.180114299999999838e-01
3.850000000000000089e-01 3.150279200000000168e-01
3.900000000000000133e-01 3.122457599999999833e-01
3.950000000000000178e-01 3.095838399999999990e-01
4.000000000000000222e-01 3.070580700000000163e-01
4.050000000000000266e-01 3.045788400000000173e-01
4.099999999999999756e-01 3.021505199999999780e-01
4.149999999999999800e-01 2.998980600000000218e-01
4.199999999999999845e-01 2.976242900000000136e-01
4.249999999999999889e-01 2.954836800000000263e-01
4.299999999999999933e-01 2.934322999999999793e-01
4.349999999999999978e-01 2.914856100000000061e-01
4.400000000000000022e-01 2.895582600000000117e-01
4.450000000000000067e-01 2.877227399999999768e-01
4.500000000000000111e-01 2.860285000000000188e-01
4.550000000000000155e-01 2.845085600000000214e-01
4.600000000000000200e-01 2.829402100000000253e-01
4.650000000000000244e-01 2.815064800000000034e-01
4.699999999999999734e-01 2.801707399999999737e-01
4.749999999999999778e-01 2.789260399999999862e-01
4.799999999999999822e-01 2.777988000000000124e-01
4.849999999999999867e-01 2.768420899999999851e-01
4.899999999999999911e-01 2.758161399999999874e-01
4.949999999999999956e-01 2.750422100000000092e-01
5.000000000000000000e-01 2.744382599999999894e-01
5.050000000000000044e-01 2.737775100000000017e-01
5.100000000000000089e-01 2.733462999999999865e-01
5.150000000000000133e-01 2.730175599999999925e-01
5.200000000000000178e-01 2.728117400000000248e-01
5.250000000000000222e-01 2.727824699999999991e-01
5.300000000000000266e-01 2.729612000000000149e-01
5.350000000000000311e-01 2.731116100000000046e-01
5.400000000000000355e-01 2.736761300000000174e-01
5.450000000000000400e-01 2.742699699999999741e-01
5.500000000000000444e-01 2.750183600000000173e-01
5.550000000000000488e-01 2.757236100000000079e-01
5.600000000000000533e-01 2.763979100000000244e-01
5.649999999999999467e-01 2.772690400000000222e-01
5.699999999999999512e-01 2.779537699999999889e-01
5.749999999999999556e-01 2.786515700000000151e-01
5.799999999999999600e-01 2.794935100000000006e-01
5.849999999999999645e-01 2.802088600000000040e-01
5.899999999999999689e-01 2.810102099999999825e-01
5.949999999999999734e-01 2.816941399999999818e-01
5.999999999999999778e-01 2.824754700000000063e-01
6.049999999999999822e-01 2.831493600000000166e-01
6.099999999999999867e-01 2.839181399999999855e-01
6.149999999999999911e-01 2.846094399999999913e-01
6.199999999999999956e-01 2.853538999999999937e-01
6.250000000000000000e-01 2.859728300000000112e-01
6.300000000000000044e-01 2.866901199999999927e-01
6.350000000000000089e-01 2.871962200000000021e-01
6.400000000000000133e-01 2.878394400000000020e-01
6.450000000000000178e-01 2.884476200000000157e-01
6.500000000000000222e-01 2.889467800000000142e-01
6.550000000000000266e-01 2.894788999999999835e-01
6.600000000000000311e-01 2.899335599999999791e-01
6.650000000000000355e-01 2.903257000000000199e-01
6.700000000000000400e-01 2.907000499999999876e-01
6.750000000000000444e-01 2.909842699999999893e-01
6.800000000000000488e-01 2.913710500000000203e-01
6.850000000000000533e-01 2.915272999999999892e-01
6.899999999999999467e-01 2.918097099999999999e-01
6.949999999999999512e-01 2.917945699999999754e-01
6.999999999999999556e-01 2.917176499999999950e-01
7.049999999999999600e-01 2.916625999999999941e-01
7.099999999999999645e-01 2.913919700000000002e-01
7.149999999999999689e-01 2.912869200000000047e-01
7.199999999999999734e-01 2.909879400000000005e-01
7.249999999999999778e-01 2.906333500000000125e-01
7.299999999999999822e-01 2.900801599999999758e-01
7.349999999999999867e-01 2.895602299999999740e-01
7.399999999999999911e-01 2.886616300000000024e-01
7.449999999999999956e-01 2.879884799999999911e-01
7.500000000000000000e-01 2.869409600000000227e-01
7.550000000000000044e-01 2.858998500000000109e-01
7.600000000000000089e-01 2.847339199999999737e-01
7.650000000000000133e-01 2.833381300000000214e-01
7.700000000000000178e-01 2.820304599999999828e-01
7.750000000000000222e-01 2.804323400000000022e-01
7.800000000000000266e-01 2.785553599999999741e-01
7.850000000000000311e-01 2.766798400000000102e-01
7.900000000000000355e-01 2.743770500000000112e-01
7.950000000000000400e-01 2.713128000000000206e-01
8.000000000000000444e-01 2.678512000000000115e-01
8.050000000000000488e-01 2.637605100000000036e-01
8.100000000000000533e-01 2.593526500000000179e-01
8.149999999999999467e-01 2.541964400000000235e-01
8.199999999999999512e-01 2.484937899999999922e-01
8.249999999999999556e-01 2.426188599999999918e-01
8.299999999999999600e-01 2.362738000000000060e-01
8.349999999999999645e-01 2.294835299999999911e-01
8.399999999999999689e-01 2.225496899999999945e-01
8.449999999999999734e-01 2.153172899999999945e-01
8.499999999999999778e-01 2.077307700000000090e-01
8.549999999999999822e-01 2.001814500000000108e-01
8.599999999999999867e-01 1.925529099999999938e-01
8.649999999999999911e-01 1.847036599999999917e-01
8.699999999999999956e-01 1.768625199999999953e-01
8.750000000000000000e-01 1.691740499999999925e-01
8.800000000000000044e-01 1.615241199999999933e-01
8.850000000000000089e-01 1.537797499999999928e-01
8.900000000000000133e-01 1.461305200000000137e-01
8.950000000000000178e-01 1.387322400000000067e-01
9.000000000000000222e-01 1.313250400000000040e-01
9.050000000000000266e-01 1.240869400000000067e-01
9.100000000000000311e-01 1.171708600000000017e-01
9.150000000000000355e-01 1.105506899999999931e-01
9.200000000000000400e-01 1.041918700000000059e-01
9.250000000000000444e-01 9.779502499999999376e-02
9.300000000000000488e-01 9.149760799999999417e-02
9.350000000000000533e-01 8.520570399999999323e-02
9.399999999999999467e-01 7.920361300000000604e-02
9.449999999999999512e-01 7.385286700000000260e-02
9.499999999999999556e-01 6.906202399999999963e-02
9.549999999999999600e-01 6.478207599999999400e-02
9.599999999999999645e-01 6.049498200000000270e-02
9.649999999999999689e-01 5.558022499999999699e-02
9.699999999999999734e-01 5.031126400000000137e-02
9.749999999999999778e-01 4.505728199999999711e-02
9.799999999999999822e-01 3.990525799999999901e-02
9.849999999999999867e-01 3.524825000000000180e-02
9.899999999999999911e-01 3.088917799999999977e-02
9.949999999999999956e-01 2.680294600000000110e-02
1.000000000000000000e+00 2.395869800000000049e-02
