0.000000000000000000e+00 8.361754999999999605e-01
4.999999899999999636e-03 8.657972800000000024e-01
9.999999799999999273e-03 9.102589500000000111e-01
1.499999999999999944e-02 9.659233699999999478e-01
2.000000000000000042e-02 1.029692300000000005e+00
2.500000000000000139e-02 1.099620100000000100e+00
2.999999899999999942e-02 1.174099100000000062e+00
3.500000000000000333e-02 1.252480100000000096e+00
3.999999900000000136e-02 1.333915399999999973e+00
4.500000199999999728e-02 1.418071300000000035e+00
5.000000100000000225e-02 1.505078899999999997e+00
5.500000000000000028e-02 1.596471900000000055e+00
5.999999899999999831e-02 1.692497600000000046e+00
6.499999800000000327e-02 1.788638399999999962e+00
7.000000000000000666e-02 1.886390100000000070e+00
7.500000299999999565e-02 1.991583899999999963e+00
7.999999800000000272e-02 2.103271499999999961e+00
8.500000100000000558e-02 2.221815299999999826e+00
9.000000399999999456e-02 2.348801100000000197e+00
9.499999900000000164e-02 2.486712900000000115e+00
1.000000000000000056e-01 2.634764399999999895e+00
1.049999999999999961e-01 2.790457500000000035e+00
1.100000000000000006e-01 2.940103500000000203e+00
1.150000000000000050e-01 3.089993999999999907e+00
1.199999999999999956e-01 3.233062299999999833e+00
1.250000000000000000e-01 3.347363200000000205e+00
1.300000000000000044e-01 3.462629300000000132e+00
1.350000100000000036e-01 3.571943800000000113e+00
1.400000000000000133e-01 3.676799299999999882e+00
1.449999999999999900e-01 3.780682300000000051e+00
1.500000099999999892e-01 3.893472899999999903e+00
1.549999999999999989e-01 4.006343400000000443e+00
1.600000000000000033e-01 4.119093399999999683e+00
1.650000100000000025e-01 4.231119200000000191e+00
1.700000000000000122e-01 4.341708699999999865e+00
1.749999999999999889e-01 4.450052300000000294e+00
1.800000099999999881e-01 4.555978800000000106e+00
1.849999999999999978e-01 4.659717999999999805e+00
1.900000000000000022e-01 4.759813300000000247e+00
1.949999900000000119e-01 4.857515300000000202e+00
2.000000000000000111e-01 4.953380600000000022e+00
2.049999999999999878e-01 5.049773700000000254e+00
2.099999899999999975e-01 5.144840699999999600e+00
2.149999999999999967e-01 5.237955999999999612e+00
2.200000000000000011e-01 5.329034799999999628e+00
2.249999900000000108e-01 5.418116099999999768e+00
2.300000000000000100e-01 5.504841800000000340e+00
2.349999999999999867e-01 5.589558099999999641e+00
2.399999899999999964e-01 5.672274100000000097e+00
2.449999999999999956e-01 5.752972599999999659e+00
2.500000000000000000e-01 5.831639299999999970e+00
2.550000000000000044e-01 5.908228900000000117e+00
2.599999900000000141e-01 5.982703200000000443e+00
2.649999900000000186e-01 6.055056600000000344e+00
2.700000100000000125e-01 6.125338099999999564e+00
2.750000100000000169e-01 6.193517199999999612e+00
2.800000000000000266e-01 6.259580099999999980e+00
2.849999999999999756e-01 6.323526900000000062e+00
2.899999899999999853e-01 6.385350200000000420e+00
2.949999899999999897e-01 6.445013000000000325e+00
3.000000099999999836e-01 6.502415700000000243e+00
3.050000099999999881e-01 6.560755300000000290e+00
3.099999999999999978e-01 6.618134999999999657e+00
3.150000000000000022e-01 6.673511000000000415e+00
3.199999900000000119e-01 6.726793800000000267e+00
3.249999900000000164e-01 6.777971299999999921e+00
3.300000100000000103e-01 6.827043999999999890e+00
3.350000100000000147e-01 6.874020100000000078e+00
3.400000000000000244e-01 6.918902400000000341e+00
3.449999999999999734e-01 6.961687099999999795e+00
3.499999899999999831e-01 7.002332199999999673e+00
3.549999899999999875e-01 7.041230200000000217e+00
3.600000099999999814e-01 7.078017700000000190e+00
3.650000099999999859e-01 7.112684200000000345e+00
3.699999999999999956e-01 7.145229800000000075e+00
3.750000000000000000e-01 7.175689199999999879e+00
3.800000000000000044e-01 7.204073900000000030e+00
3.849999900000000141e-01 7.230380099999999644e+00
3.899999900000000186e-01 7.254630999999999830e+00
3.950000100000000125e-01 7.277097200000000043e+00
4.000000100000000169e-01 7.297664600000000057e+00
4.050000000000000266e-01 7.319116600000000084e+00
4.099999999999999756e-01 7.340591400000000100e+00
4.149999899999999853e-01 7.360178499999999957e+00
4.199999899999999897e-01 7.377777100000000310e+00
4.250000099999999836e-01 7.393414499999999556e+00
4.300000099999999881e-01 7.407140700000000244e+00
4.349999999999999978e-01 7.419186100000000117e+00
4.400000000000000022e-01 7.429428099999999979e+00
4.449999900000000119e-01 7.437719799999999992e+00
4.499999900000000164e-01 7.444030299999999656e+00
4.550000100000000103e-01 7.448434400000000011e+00
4.600000100000000147e-01 7.450970599999999777e+00
4.650000000000000244e-01 7.451682599999999823e+00
4.699999999999999734e-01 7.450366500000000336e+00
4.749999899999999831e-01 7.448023799999999639e+00
4.799999899999999875e-01 7.443601100000000415e+00
4.850000099999999814e-01 7.441743899999999634e+00
4.900000099999999859e-01 7.438446500000000405e+00
4.949999999999999956e-01 7.433607099999999690e+00
5.000000000000000000e-01 7.426960499999999854e+00
5.050000000000000044e-01 7.418683099999999975e+00
5.099999899999999586e-01 7.408812499999999801e+00
5.149999899999999631e-01 7.397993099999999878e+00
5.199999800000000283e-01 7.385404600000000208e+00
5.249999800000000327e-01 7.371077099999999938e+00
5.299999699999999869e-01 7.355000999999999678e+00
5.350000299999999598e-01 7.337235899999999589e+00
5.400000200000000250e-01 7.317633599999999738e+00
5.450000200000000294e-01 7.295827400000000296e+00
5.500000099999999836e-01 7.269828300000000354e+00
5.550000099999999881e-01 7.242093999999999809e+00
5.600000000000000533e-01 7.213232999999999784e+00
5.649999999999999467e-01 7.183314799999999778e+00
5.699999900000000119e-01 7.152602199999999577e+00
5.749999900000000164e-01 7.121213899999999875e+00
5.799999799999999706e-01 7.089634900000000073e+00
5.849999799999999750e-01 7.057590000000000252e+00
5.899999700000000402e-01 7.025479800000000274e+00
5.950000300000000131e-01 6.993675699999999829e+00
6.000000199999999673e-01 6.962412399999999835e+00
6.050000199999999717e-01 6.931864700000000212e+00
6.100000100000000369e-01 6.902315599999999662e+00
6.150000100000000414e-01 6.873969599999999680e+00
6.199999999999999956e-01 6.846308699999999803e+00
6.250000000000000000e-01 6.821165599999999607e+00
6.300000000000000044e-01 6.796183599999999991e+00
6.349999899999999586e-01 6.776299999999999990e+00
6.399999899999999631e-01 6.765156700000000356e+00
6.449999800000000283e-01 6.734361599999999726e+00
6.499999800000000327e-01 6.687109900000000273e+00
6.549999699999999869e-01 6.644712900000000033e+00
6.600000299999999598e-01 6.609389300000000134e+00
6.650000200000000250e-01 6.583023100000000127e+00
6.700000200000000294e-01 6.564052600000000126e+00
6.750000099999999836e-01 6.548595899999999581e+00
6.800000099999999881e-01 6.529397999999999591e+00
6.850000000000000533e-01 6.497062699999999857e+00
6.899999999999999467e-01 6.449065199999999720e+00
6.949999900000000119e-01 6.398284399999999650e+00
6.999999900000000164e-01 6.359686899999999810e+00
7.049999799999999706e-01 6.339457499999999968e+00
7.099999799999999750e-01 6.310114399999999790e+00
7.149999700000000402e-01 6.268222800000000206e+00
7.200000300000000131e-01 6.236243199999999653e+00
7.250000199999999673e-01 6.217117799999999583e+00
7.300000199999999717e-01 6.180492400000000330e+00
7.350000100000000369e-01 6.149665800000000182e+00
7.400000100000000414e-01 6.121778499999999568e+00
7.449999999999999956e-01 6.087969300000000139e+00
7.500000000000000000e-01 6.062412300000000087e+00
7.550000000000000044e-01 6.030893800000000304e+00
7.599999899999999586e-01 6.007677600000000062e+00
7.649999899999999631e-01 5.978471800000000336e+00
7.699999800000000283e-01 5.956233000000000111e+00
7.749999800000000327e-01 5.930504299999999951e+00
7.799999699999999869e-01 5.908105899999999799e+00
7.850000299999999598e-01 5.889038600000000123e+00
7.900000200000000250e-01 5.868183600000000055e+00
7.950000200000000294e-01 5.849901700000000204e+00
8.000000099999999836e-01 5.833104099999999903e+00
8.050000099999999881e-01 5.818199599999999805e+00
8.100000000000000533e-01 5.792451400000000028e+00
8.149999999999999467e-01 5.761045499999999819e+00
8.199999900000000119e-01 5.731247899999999618e+00
8.249999900000000164e-01 5.702895200000000386e+00
8.299999799999999706e-01 5.676209400000000294e+00
8.349999799999999750e-01 5.646485799999999777e+00
8.399999700000000402e-01 5.612214999999999954e+00
8.450000300000000131e-01 5.579684300000000263e+00
8.500000199999999673e-01 5.549892899999999685e+00
8.550000199999999717e-01 5.515630699999999997e+00
8.600000100000000369e-01 5.482014200000000059e+00
8.650000100000000414e-01 5.450509499999999896e+00
8.699999999999999956e-01 5.415408600000000128e+00
8.750000000000000000e-01 5.383284999999999876e+00
8.800000000000000044e-01 5.349974200000000124e+00
8.849999899999999586e-01 5.320505599999999724e+00
8.899999899999999631e-01 5.295502199999999604e+00
8.949999800000000283e-01 5.249041100000000348e+00
8.999999800000000327e-01 5.239145299999999672e+00
9.049999699999999869e-01 5.220638799999999691e+00
9.100000299999999598e-01 5.188620600000000138e+00
9.150000200000000250e-01 5.138965599999999689e+00
9.200000200000000294e-01 5.085718599999999867e+00
9.250000099999999836e-01 5.011241000000000057e+00
9.300000099999999881e-01 4.956133799999999923e+00
9.350000000000000533e-01 4.898275400000000168e+00
9.399999999999999467e-01 4.840088399999999957e+00
9.449999900000000119e-01 4.786510500000000334e+00
9.499999900000000164e-01 4.738290799999999692e+00
9.549999799999999706e-01 4.695162299999999789e+00
9.599999799999999750e-01 4.657963800000000099e+00
9.649999700000000402e-01 4.601572499999999621e+00
9.700000300000000131e-01 4.495812899999999779e+00
9.750000199999999673e-01 4.368964199999999742e+00
9.800000199999999717e-01 4.219743700000000430e+00
9.850000100000000369e-01 4.049495199999999961e+00
9.900000100000000414e-01 3.857664300000000157e+00
9.949999999999999956e-01 3.633069299999999835e+00
1.000000000000000000e+00 3.449415199999999793e+00
