0.000000000000000000e+00 1.340196536157121976e+00
5.000000000000000104e-03 1.340507033210677212e+00
1.000000000000000021e-02 1.340609235898394980e+00
1.499999999999999944e-02 1.340506257530784229e+00
2.000000000000000042e-02 1.340201190852372104e+00
2.500000000000000139e-02 1.339697108052285035e+00
2.999999999999999889e-02 1.338997060774825609e+00
3.500000000000000333e-02 1.338104080130053664e+00
4.000000000000000083e-02 1.337021176704366265e+00
4.499999999999999833e-02 1.335751340571075696e+00
5.000000000000000278e-02 1.334297541300990320e+00
5.500000000000000028e-02 1.332662727972993233e+00
5.999999999999999778e-02 1.330849829184622246e+00
6.500000000000000222e-02 1.328861753062649864e+00
7.000000000000000666e-02 1.326701387273659272e+00
7.499999999999999722e-02 1.324371599034631197e+00
8.000000000000000167e-02 1.321875235123515235e+00
8.500000000000000611e-02 1.319215121889814268e+00
8.999999999999999667e-02 1.316394065265163116e+00
9.500000000000000111e-02 1.313414850773906739e+00
1.000000000000000056e-01 1.310280243543681999e+00
1.049999999999999961e-01 1.306992988315993864e+00
1.100000000000000006e-01 1.303555809456798720e+00
1.150000000000000050e-01 1.299971410967081020e+00
1.199999999999999956e-01 1.296242476493433937e+00
1.250000000000000000e-01 1.292371669338638007e+00
1.300000000000000044e-01 1.288361632472243112e+00
1.350000000000000089e-01 1.284214988541143798e+00
1.400000000000000133e-01 1.279934339880163252e+00
1.449999999999999900e-01 1.275522268522629066e+00
1.499999999999999944e-01 1.270981336210956103e+00
1.549999999999999989e-01 1.266314084407222706e+00
1.600000000000000033e-01 1.261523034303752011e+00
1.650000000000000078e-01 1.256610686833693036e+00
1.700000000000000122e-01 1.251579522681594669e+00
1.750000000000000167e-01 1.246432002293992980e+00
1.799999999999999933e-01 1.241170565889983424e+00
1.849999999999999978e-01 1.235797633471804602e+00
1.900000000000000022e-01 1.230315604835418464e+00
1.950000000000000067e-01 1.224726859581082961e+00
2.000000000000000111e-01 1.219033757123944461e+00
2.050000000000000155e-01 1.213238636704600415e+00
2.099999999999999922e-01 1.207343817399695762e+00
2.149999999999999967e-01 1.201351598132488929e+00
2.200000000000000011e-01 1.195264257683439801e+00
2.250000000000000056e-01 1.189084054700785265e+00
2.300000000000000100e-01 1.182813227711119852e+00
2.350000000000000144e-01 1.176453995129975727e+00
2.399999999999999911e-01 1.170008555272400885e+00
2.449999999999999956e-01 1.163479086363539139e+00
2.500000000000000000e-01 1.156867746549211651e+00
2.550000000000000044e-01 1.150176673906492475e+00
2.600000000000000089e-01 1.143407986454291203e+00
2.650000000000000133e-01 1.136563782163931391e+00
2.700000000000000178e-01 1.129646138969730096e+00
2.750000000000000222e-01 1.122657114779578302e+00
2.800000000000000266e-01 1.115598747485517350e+00
2.850000000000000311e-01 1.108473054974323135e+00
2.899999999999999800e-01 1.101282035138081206e+00
2.949999999999999845e-01 1.094027665884770517e+00
2.999999999999999889e-01 1.086711905148836532e+00
3.049999999999999933e-01 1.079336690901780527e+00
3.099999999999999978e-01 1.071903941162726470e+00
3.150000000000000022e-01 1.064415554009014553e+00
3.200000000000000067e-01 1.056873407586766955e+00
3.250000000000000111e-01 1.049279360121479820e+00
3.300000000000000155e-01 1.041635249928591689e+00
3.350000000000000200e-01 1.033942895424072361e+00
3.400000000000000244e-01 1.026204095134994443e+00
3.450000000000000289e-01 1.018420627710121096e+00
3.500000000000000333e-01 1.010594251930475362e+00
3.549999999999999822e-01 1.002726706719931249e+00
3.599999999999999867e-01 9.948197111557830485e-01
3.649999999999999911e-01 9.868749644793309850e-01
3.699999999999999956e-01 9.788941461064584182e-01
3.750000000000000000e-01 9.708789156382120478e-01
3.800000000000000044e-01 9.628309128713812282e-01
3.850000000000000089e-01 9.547517578090763957e-01
3.900000000000000133e-01 9.466430506713110482e-01
3.950000000000000178e-01 9.385063719055787290e-01
4.000000000000000222e-01 9.303432821974335631e-01
4.050000000000000266e-01 9.221553224810706828e-01
4.100000000000000311e-01 9.139440139499036553e-01
4.150000000000000355e-01 9.057108580671457965e-01
4.199999999999999845e-01 8.974573365763892641e-01
4.249999999999999889e-01 8.891849115121823743e-01
4.299999999999999933e-01 8.808950252106142464e-01
4.349999999999999978e-01 8.725891003198881224e-01
4.400000000000000022e-01 8.642685398109065664e-01
4.450000000000000067e-01 8.559347269878446740e-01
4.500000000000000111e-01 8.475890254987373806e-01
4.550000000000000155e-01 8.392327793460500063e-01
4.600000000000000200e-01 8.308673128972675626e-01
4.650000000000000244e-01 8.224939308954645201e-01
4.700000000000000289e-01 8.141139184698922282e-01
4.750000000000000333e-01 8.057285411465524572e-01
4.799999999999999822e-01 7.973390448587828194e-01
4.849999999999999867e-01 7.889466559578296456e-01
4.899999999999999911e-01 7.805525812234329619e-01
4.949999999999999956e-01 7.721580078744034736e-01
5.000000000000000000e-01 7.637641035792015476e-01
5.050000000000000044e-01 7.553720164665191916e-01
5.100000000000000089e-01 7.469828751358567054e-01
5.150000000000000133e-01 7.385977886681041049e-01
5.200000000000000178e-01 7.302178466361201048e-01
5.250000000000000222e-01 7.218441191153108782e-01
5.300000000000000266e-01 7.134776566942109266e-01
5.350000000000000311e-01 7.051194904850612843e-01
5.400000000000000355e-01 6.967706321343901665e-01
5.450000000000000400e-01 6.884320738335909518e-01
5.500000000000000444e-01 6.801047883295041618e-01
5.550000000000000488e-01 6.717897289349934464e-01
5.600000000000000533e-01 6.634878295395285619e-01
5.650000000000000577e-01 6.552000046197627992e-01
5.700000000000000622e-01 6.469271492501131871e-01
5.750000000000000666e-01 6.386701391133398076e-01
5.799999999999999600e-01 6.304298305111254441e-01
5.849999999999999645e-01 6.222070603746544526e-01
5.899999999999999689e-01 6.140026462751934089e-01
5.949999999999999734e-01 6.058173864346700910e-01
5.999999999999999778e-01 5.976520597362521281e-01
6.049999999999999822e-01 5.895074257349280922e-01
6.099999999999999867e-01 5.813842246680854808e-01
6.149999999999999911e-01 5.732831774660915869e-01
6.199999999999999956e-01 5.652049857628715923e-01
6.250000000000000000e-01 5.571503319064891047e-01
6.300000000000000044e-01 5.491198789697256943e-01
6.350000000000000089e-01 5.411142707606595437e-01
6.400000000000000133e-01 5.331341318332456503e-01
6.450000000000000178e-01 5.251800674978948091e-01
6.500000000000000222e-01 5.172526638320541492e-01
6.550000000000000266e-01 5.093524876907852272e-01
6.600000000000000311e-01 5.014800867173444532e-01
6.650000000000000355e-01 4.936359893537624610e-01
6.700000000000000400e-01 4.858207048514233128e-01
6.750000000000000444e-01 4.780347232816442582e-01
6.800000000000000488e-01 4.702785155462552158e-01
6.850000000000000533e-01 4.625525333881781997e-01
6.900000000000000577e-01 4.548572094020068013e-01
6.950000000000000622e-01 4.471929570445858926e-01
7.000000000000000666e-01 4.395601706455904978e-01
7.049999999999999600e-01 4.319592254181064961e-01
7.099999999999999645e-01 4.243904774692087156e-01
7.149999999999999689e-01 4.168542638105413589e-01
7.199999999999999734e-01 4.093509023688974291e-01
7.249999999999999778e-01 4.018806919967976565e-01
7.299999999999999822e-01 3.944439124830708132e-01
7.349999999999999867e-01 3.870408245634328059e-01
7.399999999999999911e-01 3.796716699310654919e-01
7.449999999999999956e-01 3.723366712471976037e-01
7.500000000000000000e-01 3.650360321516833428e-01
7.550000000000000044e-01 3.577699372735816397e-01
7.600000000000000089e-01 3.505385522417366895e-01
7.650000000000000133e-01 3.433420236953561577e-01
7.700000000000000178e-01 3.361804792945917719e-01
7.750000000000000222e-01 3.290540277311184147e-01
7.800000000000000266e-01 3.219627587387131618e-01
7.850000000000000311e-01 3.149067431038356513e-01
7.900000000000000355e-01 3.078860326762071775e-01
7.950000000000000400e-01 3.009006603793896728e-01
8.000000000000000444e-01 2.939506402213662994e-01
8.050000000000000488e-01 2.870359673051199878e-01
8.100000000000000533e-01 2.801566178392133621e-01
8.150000000000000577e-01 2.733125491483683889e-01
8.200000000000000622e-01 2.665036996840454142e-01
8.250000000000000666e-01 2.597299890350228679e-01
8.300000000000000711e-01 2.529913179379771893e-01
8.349999999999999645e-01 2.462875682880618644e-01
8.399999999999999689e-01 2.396186031494863811e-01
8.449999999999999734e-01 2.329842667660972644e-01
8.499999999999999778e-01 2.263843845719561432e-01
8.549999999999999822e-01 2.198187632019200088e-01
8.599999999999999867e-01 2.132871905022204195e-01
8.649999999999999911e-01 2.067894355410429819e-01
8.699999999999999956e-01 2.003252486191071380e-01
8.750000000000000000e-01 1.938943612802453975e-01
8.800000000000000044e-01 1.874964863219828470e-01
8.850000000000000089e-01 1.811313178061167151e-01
8.900000000000000133e-01 1.747985310692960204e-01
8.950000000000000178e-01 1.684977827336007761e-01
9.000000000000000222e-01 1.622287107171218046e-01
9.050000000000000266e-01 1.559909342445398583e-01
9.100000000000000311e-01 1.497840538577054903e-01
9.150000000000000355e-01 1.436076514262183967e-01
9.200000000000000400e-01 1.374612901580068713e-01
9.250000000000000444e-01 1.313445146099074812e-01
9.300000000000000488e-01 1.252568506982442154e-01
9.350000000000000533e-01 1.191978057094084109e-01
9.400000000000000577e-01 1.131668683104380263e-01
9.450000000000000622e-01 1.071635085595970815e-01
9.500000000000000666e-01 1.011871779169554175e-01
9.550000000000000711e-01 9.523730925496784461e-02
9.599999999999999645e-01 8.931331686905408240e-02
9.649999999999999689e-01 8.341459648817756145e-02
9.699999999999999734e-01 7.754052528542579314e-02
9.749999999999999778e-01 7.169046188858931024e-02
9.799999999999999822e-01 6.586374639074127346e-02
9.849999999999999867e-01 6.005970036081707125e-02
9.899999999999999911e-01 5.427762685419365574e-02
9.949999999999999956e-01 4.851681042326924653e-02
1.000000000000000000e+00 4.277651712804262513e-02
