       i      xfit[i]      yfit[i]  psi_norm[i]
       0      0.00000      2.05506      0.00000
       1    0.0100000      2.05488  0.000210338
       2    0.0200000      2.05434  0.000841225
       3    0.0300000      2.05345   0.00189179
       4    0.0400000      2.05221   0.00336078
       5    0.0500000      2.05065   0.00524607
       6    0.0600000      2.04876   0.00754541
       7    0.0700000      2.04656    0.0102553
       8    0.0800000      2.04406    0.0133721
       9    0.0900000      2.04126    0.0168929
      10     0.100000      2.03818    0.0208153
      11     0.110000      2.03483    0.0251370
      12     0.120000      2.03121    0.0298542
      13     0.130000      2.02733    0.0349617
      14     0.140000      2.02321    0.0404529
      15     0.150000      2.01885    0.0463199
      16     0.160000      2.01426    0.0525560
      17     0.170000      2.00945    0.0591542
      18     0.180000      2.00444    0.0661075
      19     0.190000      1.99922    0.0734087
      20     0.200000      1.99382    0.0810497
      21     0.210000      1.98823    0.0890223
      22     0.220000      1.98247    0.0973183
      23     0.230000      1.97655     0.105929
      24     0.240000      1.97048     0.114844
      25     0.250000      1.96427     0.124052
      26     0.260000      1.95792     0.133545
      27     0.270000      1.95145     0.143315
      28     0.280000      1.94486     0.153353
      29     0.290000      1.93816     0.163650
      30     0.300000      1.93138     0.174194
      31     0.310000      1.92450     0.184976
      32     0.320000      1.91755     0.195982
      33     0.330000      1.91053     0.207203
      34     0.340000      1.90345     0.218629
      35     0.350000      1.89632     0.230252
      36     0.360000      1.88915     0.242058
      37     0.370000      1.88195     0.254037
      38     0.380000      1.87473     0.266177
      39     0.390000      1.86750     0.278469
      40     0.400000      1.86027     0.290903
      41     0.410000      1.85305     0.303468
      42     0.420000      1.84584     0.316154
      43     0.430000      1.83866     0.328950
      44     0.440000      1.83152     0.341846
      45     0.450000      1.82442     0.354831
      46     0.460000      1.81737     0.367898
      47     0.470000      1.81039     0.381036
      48     0.480000      1.80348     0.394235
      49     0.490000      1.79666     0.407485
      50     0.500000      1.78992     0.420778
      51     0.510000      1.78329     0.434105
      52     0.520000      1.77677     0.447457
      53     0.530000      1.77037     0.460825
      54     0.540000      1.76410     0.474202
      55     0.550000      1.75797     0.487580
      56     0.560000      1.75199     0.500949
      57     0.570000      1.74617     0.514304
      58     0.580000      1.74051     0.527636
      59     0.590000      1.73503     0.540938
      60     0.600000      1.72974     0.554205
      61     0.610000      1.72464     0.567428
      62     0.620000      1.71975     0.580601
      63     0.630000      1.71507     0.593719
      64     0.640000      1.71062     0.606777
      65     0.650000      1.70640     0.619766
      66     0.660000      1.70242     0.632684
      67     0.670000      1.69870     0.645524
      68     0.680000      1.69524     0.658282
      69     0.690000      1.69204     0.670951
      70     0.700000      1.68913     0.683531
      71     0.710000      1.68651     0.696014
      72     0.720000      1.68419     0.708396
      73     0.730000      1.68217     0.720675
      74     0.740000      1.68048     0.732846
      75     0.750000      1.67911     0.744907
      76     0.760000      1.67808     0.756853
      77     0.770000      1.67740     0.768681
      78     0.780000      1.67707     0.780388
      79     0.790000      1.67706     0.791973
      80     0.800000      1.67725     0.803433
      81     0.810000      1.67745     0.814764
      82     0.820000      1.67752     0.825963
      83     0.830000      1.67730     0.837027
      84     0.840000      1.67663     0.847955
      85     0.850000      1.67534     0.858741
      86     0.860000      1.67328     0.869386
      87     0.870000      1.67029     0.879886
      88     0.880000      1.66605     0.890238
      89     0.890000      1.65629     0.900438
      90     0.900000      1.63250     0.910483
      91     0.910000      1.58598     0.920369
      92     0.920000      1.50841     0.930089
      93     0.930000      1.39808     0.939636
      94     0.940000      1.25893     0.949000
      95     0.950000      1.09507     0.958177
      96     0.960000     0.910632     0.967147
      97     0.970000     0.709720     0.975887
      98     0.980000     0.496457     0.984339
      99     0.990000     0.274959     0.992314
     100      1.00000    0.0493437      1.00000
     101      1.01000    0.0450071      1.02010
     102      1.02000    0.0410516      1.04040
     103      1.03000    0.0374438      1.06090
     104      1.04000    0.0341530      1.08160
     105      1.05000    0.0311515      1.10250
     106      1.06000    0.0284137      1.12360
     107      1.07000    0.0259165      1.14490
     108      1.08000    0.0236388      1.16640
     109      1.09000    0.0215613      1.18810
     110      1.10000    0.0196664      1.21000
     111      1.11000    0.0179380      1.23210
     112      1.12000    0.0163615      1.25440
     113      1.13000    0.0149236      1.27690
     114      1.14000    0.0136120      1.29960
     115      1.15000    0.0124157      1.32250
     116      1.16000    0.0113245      1.34560
     117      1.17000    0.0103293      1.36890
     118      1.18000   0.00942147      1.39240
     119      1.19000   0.00859345      1.41610
     120      1.20000   0.00783821      1.44000
