#Col 1: rhob  Col 2: fzsplrhob (1)
0.0000000	2.1406968E-2
0.0049999999	2.1415085E-2
0.0099999998	2.1423270E-2
0.015000000	2.1431591E-2
0.020000000	2.1440117E-2
0.025000000	2.1448913E-2
0.029999999	2.1458050E-2
0.035000000	2.1467595E-2
0.039999999	2.1477615E-2
0.045000002	2.1488179E-2
0.050000001	2.1499354E-2
0.055000000	2.1511210E-2
0.059999999	2.1523812E-2
0.064999998	2.1537231E-2
0.070000000	2.1551533E-2
0.075000003	2.1566786E-2
0.079999998	2.1583059E-2
0.085000001	2.1600419E-2
0.090000004	2.1618935E-2
0.094999999	2.1638674E-2
0.10000000	2.1659704E-2
0.10500000	2.1682094E-2
0.11000000	2.1705904E-2
0.11500000	2.1731137E-2
0.12000000	2.1757754E-2
0.12500000	2.1785721E-2
0.13000000	2.1814999E-2
0.13500001	2.1845553E-2
0.14000000	2.1877345E-2
0.14500000	2.1910339E-2
0.15000001	2.1944499E-2
0.15500000	2.1979788E-2
0.16000000	2.2016169E-2
0.16500001	2.2053605E-2
0.17000000	2.2092060E-2
0.17500000	2.2131497E-2
0.18000001	2.2170715E-2
0.18500000	2.2209844E-2
0.19000000	2.2250074E-2
0.19499999	2.2291373E-2
0.20000000	2.2333710E-2
0.20500000	2.2377054E-2
0.20999999	2.2421375E-2
0.21500000	2.2466641E-2
0.22000000	2.2512820E-2
0.22499999	2.2559883E-2
0.23000000	2.2607797E-2
0.23500000	2.2656533E-2
0.23999999	2.2704791E-2
0.24500000	2.2753631E-2
0.25000000	2.2803355E-2
0.25500000	2.2853935E-2
0.25999999	2.2905341E-2
0.26499999	2.2957545E-2
0.27000001	2.3010518E-2
0.27500001	2.3064233E-2
0.28000000	2.3118659E-2
0.28500000	2.3173769E-2
0.28999999	2.3229176E-2
0.29499999	2.3284458E-2
0.30000001	2.3340461E-2
0.30500001	2.3397159E-2
0.31000000	2.3454524E-2
0.31500000	2.3512529E-2
0.31999999	2.3571146E-2
0.32499999	2.3630349E-2
0.33000001	2.3690110E-2
0.33500001	2.3750401E-2
0.34000000	2.3810848E-2
0.34500000	2.3871325E-2
0.34999999	2.3932361E-2
0.35499999	2.3993928E-2
0.36000001	2.4056000E-2
0.36500001	2.4118550E-2
0.37000000	2.4181552E-2
0.37500000	2.4244979E-2
0.38000000	2.4308803E-2
0.38499999	2.4372999E-2
0.38999999	2.4437073E-2
0.39500001	2.4501442E-2
0.40000001	2.4566204E-2
0.40500000	2.4631335E-2
0.41000000	2.4696807E-2
0.41499999	2.4762594E-2
0.41999999	2.4828670E-2
0.42500001	2.4895008E-2
0.43000001	2.4961582E-2
0.43500000	2.5028219E-2
0.44000000	2.5094891E-2
0.44499999	2.5161819E-2
0.44999999	2.5228977E-2
0.45500001	2.5296338E-2
0.46000001	2.5363876E-2
0.46500000	2.5431565E-2
0.47000000	2.5499378E-2
0.47499999	2.5567291E-2
0.47999999	2.5635276E-2
0.48500001	2.5703218E-2
0.49000001	2.5771265E-2
0.49500000	2.5839406E-2
0.50000000	2.5907614E-2
0.50500000	2.5975865E-2
0.50999999	2.6044130E-2
0.51499999	2.6112385E-2
0.51999998	2.6180602E-2
0.52499998	2.6248755E-2
0.52999997	2.6316842E-2
0.53500003	2.6384971E-2
0.54000002	2.6453061E-2
0.54500002	2.6521088E-2
0.55000001	2.6589023E-2
0.55500001	2.6656841E-2
0.56000000	2.6724514E-2
0.56500000	2.6792017E-2
0.56999999	2.6859322E-2
0.57499999	2.6926403E-2
0.57999998	2.6993274E-2
0.58499998	2.7060296E-2
0.58999997	2.7127129E-2
0.59500003	2.7193746E-2
0.60000002	2.7260120E-2
0.60500002	2.7326222E-2
0.61000001	2.7392026E-2
0.61500001	2.7457505E-2
0.62000000	2.7522631E-2
0.62500000	2.7587376E-2
0.63000000	2.7651715E-2
0.63499999	2.7715857E-2
0.63999999	2.7780185E-2
0.64499998	2.7844158E-2
0.64999998	2.7907748E-2
0.65499997	2.7970926E-2
0.66000003	2.8033663E-2
0.66500002	2.8095930E-2
0.67000002	2.8157699E-2
0.67500001	2.8218941E-2
0.68000001	2.8279627E-2
0.68500000	2.8339729E-2
0.69000000	2.8399217E-2
0.69499999	2.8458980E-2
0.69999999	2.8520545E-2
0.70499998	2.8581820E-2
0.70999998	2.8642641E-2
0.71499997	2.8702845E-2
0.72000003	2.8762269E-2
0.72500002	2.8820748E-2
0.73000002	2.8878119E-2
0.73500001	2.8934220E-2
0.74000001	2.8988887E-2
0.74500000	2.9041955E-2
0.75000000	2.9093263E-2
0.75500000	2.9142647E-2
0.75999999	2.9189942E-2
0.76499999	2.9234986E-2
0.76999998	2.9301245E-2
0.77499998	2.9368564E-2
0.77999997	2.9435940E-2
0.78500003	2.9502371E-2
0.79000002	2.9566851E-2
0.79500002	2.9628380E-2
0.80000001	2.9685952E-2
0.80500001	2.9738567E-2
0.81000000	2.9785220E-2
0.81500000	2.9824908E-2
0.81999999	2.9856628E-2
0.82499999	2.9879378E-2
0.82999998	2.9892153E-2
0.83499998	2.9893952E-2
0.83999997	2.9883770E-2
0.84500003	2.9860605E-2
0.85000002	2.9823453E-2
0.85500002	2.9771312E-2
0.86000001	2.9704860E-2
0.86500001	2.9625506E-2
0.87000000	2.9535299E-2
0.87500000	2.9436374E-2
0.88000000	2.9330866E-2
0.88499999	2.9236180E-2
0.88999999	2.9156037E-2
0.89499998	2.9069787E-2
0.89999998	2.8969917E-2
0.90499997	2.8848909E-2
0.91000003	2.8699246E-2
0.91500002	2.8513418E-2
0.92000002	2.8353682E-2
0.92500001	2.8028282E-2
0.93000001	2.7457917E-2
0.93500000	2.6565040E-2
0.94000000	2.5256276E-2
0.94499999	2.3454012E-2
0.94999999	2.1075856E-2
0.95499998	1.8197444E-2
0.95999998	1.5181557E-2
0.96499997	1.2423641E-2
0.97000003	1.0319124E-2
0.97500002	0.91485138E-2
0.98000002	0.87656266E-2
0.98500001	0.89508398E-2
0.99000001	0.94379408E-2
0.99500000	0.99911411E-2
1.0000000	1.0466467E-2
