#Col 1: rhob  Col 2: vtorsplrhob (m/s)
0.0000000	280.85388E3
0.0049999999	280.71130E3
0.0099999998	280.56628E3
0.015000000	280.41638E3
0.020000000	280.25919E3
0.025000000	280.09225E3
0.029999999	279.91314E3
0.035000000	279.71942E3
0.039999999	279.50865E3
0.045000002	279.27841E3
0.050000001	279.02624E3
0.055000000	278.74973E3
0.059999999	278.44644E3
0.064999998	278.11392E3
0.070000000	277.74975E3
0.075000003	277.35149E3
0.079999998	276.91701E3
0.085000001	276.44646E3
0.090000004	275.94099E3
0.094999999	275.40178E3
0.10000000	274.82998E3
0.10500000	274.22677E3
0.11000000	273.59330E3
0.11500000	272.93075E3
0.12000000	272.24028E3
0.12500000	271.52732E3
0.13000000	270.82423E3
0.13500001	270.09129E3
0.14000000	269.32949E3
0.14500000	268.53983E3
0.15000001	267.72330E3
0.15500000	266.88089E3
0.16000000	266.01360E3
0.16500001	265.13714E3
0.17000000	264.24984E3
0.17500000	263.33701E3
0.18000001	262.39955E3
0.18500000	261.43838E3
0.19000000	260.45440E3
0.19499999	259.44852E3
0.20000000	258.44358E3
0.20500000	257.41582E3
0.20999999	256.36609E3
0.21500000	255.29525E3
0.22000000	254.20417E3
0.22499999	253.09737E3
0.23000000	251.98537E3
0.23500000	250.85343E3
0.23999999	249.70238E3
0.24500000	248.53307E3
0.25000000	247.34632E3
0.25500000	246.15569E3
0.25999999	244.94882E3
0.26499999	243.72503E3
0.27000001	242.48514E3
0.27500001	241.22997E3
0.28000000	239.97161E3
0.28500000	238.69780E3
0.28999999	237.40936E3
0.29499999	236.10709E3
0.30000001	234.79656E3
0.30500001	233.47744E3
0.31000000	232.14535E3
0.31500000	230.80107E3
0.31999999	229.44697E3
0.32499999	228.08775E3
0.33000001	226.71724E3
0.33500001	225.33623E3
0.34000000	223.94614E3
0.34500000	222.55216E3
0.34999999	221.14865E3
0.35499999	219.73640E3
0.36000001	218.31715E3
0.36500001	216.89394E3
0.37000000	215.46302E3
0.37500000	214.02517E3
0.38000000	212.58295E3
0.38499999	211.13627E3
0.38999999	209.68377E3
0.39500001	208.22619E3
0.40000001	206.76648E3
0.40500000	205.30238E3
0.41000000	203.83430E3
0.41499999	202.36369E3
0.41999999	200.89092E3
0.42500001	199.41516E3
0.43000001	197.93697E3
0.43500000	196.45781E3
0.44000000	194.97656E3
0.44499999	193.49372E3
0.44999999	192.01015E3
0.45500001	190.52558E3
0.46000001	189.04033E3
0.46500000	187.55488E3
0.47000000	186.06927E3
0.47499999	184.58386E3
0.47999999	183.09899E3
0.48500001	181.61460E3
0.49000001	180.13133E3
0.49500000	178.64941E3
0.50000000	177.16858E3
0.50500000	175.68978E3
0.50999999	174.21311E3
0.51499999	172.73817E3
0.51999998	171.26620E3
0.52499998	169.79701E3
0.52999997	168.33033E3
0.53500003	166.86755E3
0.54000002	165.40810E3
0.54500002	163.95207E3
0.55000001	162.50094E3
0.55500001	161.05335E3
0.56000000	159.61040E3
0.56500000	158.17331E3
0.56999999	156.73980E3
0.57499999	155.31233E3
0.57999998	153.89134E3
0.58499998	152.47449E3
0.58999997	151.06495E3
0.59500003	149.66176E3
0.60000002	148.26434E3
0.60500002	146.87522E3
0.61000001	145.49206E3
0.61500001	144.11651E3
0.62000000	142.75023E3
0.62500000	141.38928E3
0.63000000	140.03812E3
0.63499999	138.69542E3
0.63999999	137.36040E3
0.64499998	136.03617E3
0.64999998	134.71922E3
0.65499997	133.41260E3
0.66000003	132.11672E3
0.66500002	130.82867E3
0.67000002	129.55292E3
0.67500001	128.28658E3
0.68000001	127.03086E3
0.68500000	125.78847E3
0.69000000	124.55376E3
0.69499999	123.33286E3
0.69999999	122.12377E3
0.70499998	120.92537E3
0.70999998	119.74173E3
0.71499997	118.56958E3
0.72000003	117.41055E3
0.72500002	116.26212E3
0.73000002	115.12235E3
0.73500001	113.98632E3
0.74000001	112.84826E3
0.74500000	111.70475E3
0.75000000	110.54879E3
0.75500000	109.37973E3
0.75999999	108.18615E3
0.76499999	106.97335E3
0.76999998	105.72536E3
0.77499998	104.44851E3
0.77999997	103.12696E3
0.78500003	101.76768E3
0.79000002	100.35401E3
0.79500002	98.893333E3
0.80000001	97.371226E3
0.80500001	95.785973E3
0.81000000	94.137782E3
0.81500000	92.415516E3
0.81999999	90.615690E3
0.82499999	88.734669E3
0.82999998	86.770507E3
0.83499998	84.715797E3
0.83999997	82.565238E3
0.84500003	80.314343E3
0.85000002	77.958948E3
0.85500002	75.496674E3
0.86000001	72.919517E3
0.86500001	70.222334E3
0.87000000	67.404746E3
0.87500000	64.457645E3
0.88000000	61.378049E3
0.88499999	58.161988E3
0.88999999	54.804153E3
0.89499998	51.300472E3
0.89999998	47.644458E3
0.90499997	43.833249E3
0.91000003	39.861848E3
0.91500002	35.725646E3
0.92000002	31.466230E3
0.92500001	27.196984E3
0.93000001	23.036957E3
0.93500000	19.105442E3
0.94000000	15.521735E3
0.94499999	12.404603E3
0.94999999	9.8293781E3
0.95499998	7.7961936E3
0.95999998	6.2976996E3
0.96499997	5.3265457E3
0.97000003	4.8697089E3
0.97500002	4.9353721E3
0.98000002	5.4806979E3
0.98500001	6.3634431E3
0.99000001	7.4041736E3
0.99500000	8.4226873E3
1.0000000	9.2375390E3
