    -0.0702981   -0.0779715   -0.0863124   -0.0953287    -0.105007    -0.115147
    -0.125455    -0.136301    -0.148762    -0.150819    -0.157570    -0.167744
    -0.182943    -0.193082    -0.193686    -0.202766    -0.205813    -0.200843
    -0.204584    -0.199026    -0.184880    -0.175666    -0.169371    -0.165103
    -0.162454    -0.161279    -0.161616    -0.163687    -0.167946    -0.174978
    -0.180987    -0.179598    -0.177553    -0.167861    -0.157418    -0.138224
    -0.118121    -0.100364   -0.0843090   -0.0694388   -0.0554206   -0.0420359
   -0.0291391   -0.0166328  -0.00445344   0.00743766    0.0190602    0.0304187
    0.0415058    0.0523037    0.0627868    0.0729230    0.0826761    0.0920071
     0.100877     0.109248     0.117088     0.124367     0.131067     0.137174
     0.142687     0.147611     0.151962     0.155763     0.159041
   -0.0714873   -0.0798913   -0.0892722   -0.0997327    -0.111150    -0.123227
    -0.137337    -0.144187    -0.151394    -0.153493    -0.157718    -0.164524
    -0.173246    -0.180058    -0.184007    -0.188848    -0.191108    -0.190371
    -0.190265    -0.186630    -0.179561    -0.173385    -0.168616    -0.165184
    -0.163012    -0.162097    -0.162546    -0.164608    -0.168754    -0.175685
    -0.181879    -0.179822    -0.178027    -0.167602    -0.157428    -0.137484
    -0.117035   -0.0989380   -0.0824590   -0.0670868   -0.0524981   -0.0384814
   -0.0248956   -0.0116468   0.00132523    0.0140553    0.0265581    0.0388317
    0.0508601    0.0626147    0.0740566    0.0851382    0.0958057     0.106001
     0.115666     0.124744     0.133185     0.140948     0.148002     0.154330
     0.159931     0.164816     0.169009     0.172547     0.175472
   -0.0705790   -0.0793007   -0.0892961    -0.100984    -0.115016    -0.125781
    -0.135007    -0.139784    -0.143529    -0.146008    -0.149296    -0.153595
    -0.158340    -0.162846    -0.166696    -0.169726    -0.171697    -0.172502
    -0.172182    -0.170698    -0.168285    -0.165523    -0.162909    -0.160732
    -0.159144    -0.158238    -0.158084    -0.158748    -0.160244    -0.162293
    -0.163096    -0.160784    -0.156128    -0.147915    -0.137176    -0.122812
    -0.106952   -0.0913044   -0.0761150   -0.0613501   -0.0469331   -0.0327890
   -0.0188566  -0.00509078   0.00853717    0.0220401    0.0354156    0.0486464
    0.0617009    0.0745334    0.0870848    0.0992839     0.111050     0.122296
     0.132931     0.142869     0.152031     0.160354     0.167790     0.174316
     0.179931     0.184657     0.188536     0.191625     0.193994
   -0.0671011   -0.0753752   -0.0848045   -0.0957003    -0.108064    -0.116608
    -0.122212    -0.126332    -0.129874    -0.133519    -0.137301    -0.141200
    -0.145090    -0.148773    -0.152052    -0.154762    -0.156792    -0.158078
    -0.158609    -0.158447    -0.157719    -0.156610    -0.155315    -0.153997
    -0.152764    -0.151672    -0.150718    -0.149826    -0.148806    -0.147299
    -0.144796    -0.140827    -0.135084    -0.127437    -0.117906    -0.106712
   -0.0942752   -0.0810833   -0.0674822   -0.0536631   -0.0397181   -0.0256871
   -0.0115850   0.00258179    0.0168068    0.0310780    0.0453738    0.0596601
    0.0738879    0.0879915     0.101887     0.115471     0.128625     0.141217
     0.153105     0.164153     0.174234     0.183244     0.191110     0.197797
     0.203308     0.207686     0.211005     0.213363     0.214872
   -0.0612088   -0.0684025   -0.0763686   -0.0850060   -0.0937802    -0.100975
    -0.106614    -0.111674    -0.116355    -0.120779    -0.125015    -0.129080
    -0.132936    -0.136512    -0.139725    -0.142494    -0.144757    -0.146475
    -0.147643    -0.148282    -0.148444    -0.148202    -0.147632    -0.146797
    -0.145738    -0.144462    -0.142934    -0.141073    -0.138739    -0.135743
    -0.131869    -0.126910    -0.120714    -0.113204    -0.104392   -0.0943720
   -0.0833082   -0.0713897   -0.0587935   -0.0456594   -0.0320864   -0.0181400
  -0.00386330    0.0107141    0.0255681    0.0406736    0.0559993    0.0715023
    0.0871232     0.102781     0.118366     0.133741     0.148735     0.163146
     0.176753     0.189330     0.200664     0.210579     0.218953     0.225733
     0.230936     0.234646     0.237003     0.238182     0.238371
   -0.0534575   -0.0594236   -0.0661483   -0.0733052   -0.0803946   -0.0870649
   -0.0931940   -0.0988363    -0.104081    -0.108996    -0.113625    -0.117982
    -0.122055    -0.125815    -0.129225    -0.132243    -0.134834    -0.136971
    -0.138642    -0.139848    -0.140598    -0.140910    -0.140801    -0.140281
    -0.139349    -0.137986    -0.136156    -0.133796    -0.130823    -0.127135
    -0.122624    -0.117188    -0.110751    -0.103271   -0.0947460   -0.0852117
   -0.0747348   -0.0633996   -0.0512929   -0.0384930   -0.0250646   -0.0110566
   0.00349511    0.0185649    0.0341324    0.0501785    0.0666794    0.0836012
     0.100892     0.118472     0.136225     0.153980     0.171507     0.188506
     0.204616     0.219446     0.232624     0.243825     0.252838     0.259575
     0.264087     0.266558     0.267259     0.266519     0.264671
   -0.0439274   -0.0480549   -0.0554895   -0.0628022   -0.0695278   -0.0759420
   -0.0820562   -0.0878658   -0.0933779   -0.0986040    -0.103550    -0.108215
    -0.112588    -0.116649    -0.120374    -0.123738    -0.126713    -0.129277
    -0.131413    -0.133105    -0.134340    -0.135106    -0.135385    -0.135153
    -0.134377    -0.133034    -0.131091    -0.128508    -0.125236    -0.121218
    -0.116399    -0.110723    -0.104150   -0.0966533   -0.0882250   -0.0788753
   -0.0686294   -0.0575216   -0.0455903   -0.0328719   -0.0193971  -0.00518862
   0.00973953    0.0253813    0.0417372    0.0588116    0.0766092    0.0951302
     0.114362     0.134266     0.154763     0.175697     0.196806     0.217668
     0.237689     0.256133     0.272245     0.285441     0.295314     0.301717
     0.304777     0.304864     0.302606     0.298671     0.293660
   -0.0381632   -0.0425657   -0.0479848   -0.0540524   -0.0603024   -0.0665066
   -0.0725765   -0.0784702   -0.0841621   -0.0896335   -0.0948684   -0.0998504
    -0.104561    -0.108981    -0.113086    -0.116854    -0.120260    -0.123283
    -0.125898    -0.128083    -0.129812    -0.131055    -0.131770    -0.131895
    -0.131334    -0.130087    -0.128140    -0.125476    -0.122071    -0.117896
    -0.112921    -0.107117    -0.100457   -0.0929250   -0.0845086   -0.0752059
   -0.0650208   -0.0539620   -0.0420393   -0.0292612   -0.0156316  -0.00114796
    0.0142003    0.0304331    0.0475804    0.0656825    0.0847899     0.104962
     0.126264     0.148762     0.172506     0.197498     0.223620     0.250477
     0.277124     0.301872     0.323041     0.339518     0.350668     0.356204
     0.356213     0.351499     0.343641     0.334258     0.324403
   -0.0296407   -0.0328017   -0.0391723   -0.0457570   -0.0520047   -0.0581853
   -0.0643049   -0.0703315   -0.0762299   -0.0819675   -0.0875155   -0.0928473
   -0.0979380    -0.102764    -0.107300    -0.111524    -0.115412    -0.118939
    -0.122082    -0.124814    -0.127108    -0.128935    -0.130266    -0.131072
    -0.130646    -0.129507    -0.127581    -0.124884    -0.121408    -0.117145
    -0.112081    -0.106197   -0.0994759   -0.0919025   -0.0834637   -0.0741497
   -0.0639529   -0.0528669   -0.0408845   -0.0279956   -0.0141851  0.000569293
    0.0162996    0.0330499    0.0508788    0.0698632    0.0901022     0.111723
     0.134888     0.159807     0.186750     0.216075     0.248258     0.283945
     0.323697     0.363373     0.390429     0.413813     0.426449     0.430160
     0.426769     0.408482     0.388715     0.370523     0.354050
   -0.0241541   -0.0277648   -0.0326195   -0.0383286   -0.0444161   -0.0506535
   -0.0569375   -0.0632019   -0.0693944   -0.0754712   -0.0813951   -0.0871339
   -0.0926589   -0.0979441    -0.102965    -0.107697    -0.112118    -0.116204
    -0.119930    -0.123271    -0.126198    -0.128681    -0.130680    -0.132150
    -0.132456    -0.131640    -0.129602    -0.126856    -0.123306    -0.118966
    -0.113832    -0.107890    -0.101123   -0.0935125   -0.0850444   -0.0757039
   -0.0654768   -0.0543484   -0.0423018   -0.0293160   -0.0153646 -0.000412655
    0.0155851    0.0326877    0.0509723    0.0705385    0.0915164     0.114076
     0.138442     0.164919     0.193923     0.226052     0.262187     0.303698
     0.352482     0.405204     0.441187     0.469829     0.486617     0.489355
     0.484813     0.458600     0.427194     0.399882     0.376990
   -0.0158637   -0.0187150   -0.0242294   -0.0306049   -0.0370342   -0.0436000
   -0.0502494   -0.0569125   -0.0635286   -0.0700489   -0.0764339   -0.0826511
   -0.0886726   -0.0944736    -0.100031    -0.105324    -0.110330    -0.115028
    -0.119396    -0.123411    -0.127049    -0.130282    -0.133091    -0.134912
    -0.135695    -0.135406    -0.134013    -0.131508    -0.127763    -0.123322
    -0.118132    -0.112152    -0.105355   -0.0977230   -0.0892360   -0.0798779
   -0.0696321   -0.0584804   -0.0464022   -0.0333726   -0.0193607  -0.00432827
    0.0117733    0.0290056    0.0474470    0.0671974    0.0883853     0.111176
     0.135787     0.162500     0.191692     0.223869     0.259701     0.300073
     0.346173     0.399660     0.448640     0.473932     0.500216     0.501353
     0.499501     0.481044     0.444910     0.412753     0.386601
  -0.00860207   -0.0116187   -0.0165502   -0.0228173   -0.0297191   -0.0368948
   -0.0441616   -0.0514188   -0.0586054   -0.0656800   -0.0726118   -0.0793761
   -0.0859515   -0.0923189   -0.0984603    -0.104358    -0.109995    -0.115353
    -0.120413    -0.125157    -0.129561    -0.133612    -0.136769    -0.138986
    -0.140222    -0.140438    -0.139588    -0.137621    -0.134465    -0.130044
    -0.124907    -0.118943    -0.112152    -0.104519   -0.0960308   -0.0866740
   -0.0764327   -0.0652906   -0.0532279   -0.0402213   -0.0262424   -0.0112568
   0.00477753    0.0219124    0.0402117    0.0597541    0.0806371     0.102981
     0.126933     0.152676     0.180429     0.210453     0.243049     0.278552
     0.317347     0.360225     0.410805     0.438793     0.455313     0.475335
     0.462328     0.465625     0.431992     0.401194     0.378251
   0.00252701  0.000244921  -0.00583608   -0.0139360   -0.0223521   -0.0306703
   -0.0388426   -0.0468642   -0.0547312   -0.0624366   -0.0699721   -0.0773284
   -0.0844956   -0.0914632   -0.0982205    -0.104756    -0.111058    -0.117112
    -0.122905    -0.128417    -0.133636    -0.138039    -0.141583    -0.144233
    -0.145948    -0.146689    -0.146413    -0.145075    -0.142635    -0.139053
    -0.134321    -0.128292    -0.121525    -0.113901    -0.105424   -0.0960797
   -0.0858623   -0.0747590   -0.0627545   -0.0498304   -0.0359651   -0.0211330
  -0.00530509    0.0115529    0.0294803    0.0485229    0.0687327    0.0901673
     0.112888     0.136955     0.162419     0.189301     0.217562     0.247043
     0.277344     0.307534     0.335692     0.358760     0.375594     0.386145
     0.389611     0.387267     0.378937     0.367252     0.354939
    0.0161210    0.0160796   0.00542663  -0.00628908   -0.0163582   -0.0257729
   -0.0348144   -0.0435830   -0.0521236   -0.0604589   -0.0686006   -0.0765540
   -0.0843202   -0.0918974   -0.0992821    -0.106470    -0.113454    -0.120230
    -0.126788    -0.133112    -0.138690    -0.143482    -0.147455    -0.150572
    -0.152795    -0.154082    -0.154394    -0.153690    -0.151929    -0.149074
    -0.145085    -0.139919    -0.133563    -0.125856    -0.117395    -0.108061
   -0.0978693   -0.0868200   -0.0749014   -0.0620987   -0.0483976   -0.0337839
   -0.0182437  -0.00176303    0.0156712    0.0340705    0.0534429    0.0737896
    0.0950995     0.117341     0.140448     0.164302     0.188700     0.213316
     0.237642     0.260949     0.282285     0.300766     0.315644     0.326442
     0.333202     0.335992     0.335523     0.332520     0.327901
    0.0148241    0.0128296   0.00626223  -0.00306460   -0.0130500   -0.0229230
   -0.0325318   -0.0418764   -0.0509831   -0.0598766   -0.0685754   -0.0770922
   -0.0854342   -0.0936053    -0.101606    -0.109438    -0.117102    -0.124607
    -0.131978    -0.138679    -0.144662    -0.149892    -0.154334    -0.157953
    -0.160709    -0.162563    -0.163475    -0.163403    -0.162307    -0.160147
    -0.156884    -0.152478    -0.146889    -0.140070    -0.132012    -0.122554
    -0.112359    -0.101370   -0.0895495   -0.0768832   -0.0633619   -0.0489817
   -0.0337439   -0.0176540 -0.000722215    0.0170350    0.0355924    0.0549118
    0.0749375    0.0955882     0.116748     0.138254     0.159882     0.181334
     0.202232     0.222123     0.240523     0.256941     0.270997     0.282460
     0.291216     0.297394     0.301198     0.303010     0.303240
    0.0253172    0.0257573    0.0123278 -0.000706306   -0.0116950   -0.0220652
   -0.0320887   -0.0418498   -0.0513911   -0.0607411   -0.0699206   -0.0789438
   -0.0878199   -0.0965532    -0.105144    -0.113587    -0.121875    -0.129990
    -0.137905    -0.145081    -0.151533    -0.157245    -0.162193    -0.166345
    -0.169661    -0.172104    -0.173630    -0.174197    -0.173765    -0.172291
    -0.169734    -0.166053    -0.161207    -0.155151    -0.147831    -0.139172
    -0.129095    -0.118267    -0.106575   -0.0940447   -0.0806802   -0.0664978
   -0.0515143   -0.0357514   -0.0192382  -0.00201120    0.0158836    0.0343869
    0.0534225    0.0728924    0.0926716     0.112603     0.132493     0.152109
     0.171184     0.189426     0.206535     0.222236     0.236295     0.248543
     0.258910     0.267389     0.274077     0.279114     0.282685
    0.0161034    0.0138574   0.00706940  -0.00252742   -0.0129093   -0.0232795
   -0.0334685   -0.0434704   -0.0533091   -0.0630082   -0.0725859   -0.0820546
   -0.0914218    -0.100691    -0.109860    -0.118923    -0.127867    -0.136680
    -0.144885    -0.152449    -0.159345    -0.165547    -0.171022    -0.175730
    -0.179633    -0.182687    -0.184847    -0.186068    -0.186307    -0.185520
    -0.183666    -0.180703    -0.176594    -0.171302    -0.164789    -0.157024
    -0.147982    -0.137675    -0.125951    -0.113503    -0.100222   -0.0861494
   -0.0713120   -0.0557503   -0.0395061   -0.0226277  -0.00517169    0.0127951
    0.0311921    0.0499229    0.0688726    0.0879063     0.106868     0.125582
     0.143857     0.161493     0.178290     0.194059     0.208638     0.221898
     0.233747     0.244143     0.253077     0.260580     0.266711
    0.0225239    0.0224707   0.00835314  -0.00479953   -0.0158069   -0.0262557
   -0.0364762   -0.0465718   -0.0565852   -0.0665375   -0.0764408   -0.0863021
   -0.0961248    -0.105910    -0.115656    -0.125358    -0.135000    -0.144118
    -0.152681    -0.160664    -0.168032    -0.174751    -0.180781    -0.186079
    -0.190598    -0.194291    -0.197110    -0.199006    -0.199930    -0.199839
    -0.198688    -0.196437    -0.193049    -0.188492    -0.182736    -0.175758
    -0.167540    -0.158066    -0.147316    -0.135307    -0.121886    -0.107800
   -0.0929552   -0.0774205   -0.0612555   -0.0445115   -0.0272449  -0.00952178
   0.00858226    0.0269807    0.0455754    0.0642560    0.0829006     0.101377
     0.119545     0.137259     0.154375     0.170754     0.186265     0.200789
     0.214224     0.226481     0.237489     0.247190     0.255546
   0.00723270   0.00422257  -0.00246492   -0.0113434   -0.0209754   -0.0308464
   -0.0408213   -0.0508630   -0.0609580   -0.0710992   -0.0812815   -0.0915008
    -0.101754    -0.112041    -0.122367    -0.132753    -0.142707    -0.152189
    -0.161173    -0.169626    -0.177513    -0.184792    -0.191418    -0.197343
    -0.202516    -0.206884    -0.210392    -0.212987    -0.214617    -0.215233
    -0.214789    -0.213242    -0.210554    -0.206695    -0.201638    -0.195362
    -0.187850    -0.179094    -0.169083    -0.157811    -0.145266    -0.131479
    -0.116306    -0.100582   -0.0842977   -0.0674702   -0.0501494   -0.0323944
   -0.0142728   0.00414160    0.0227686    0.0415216    0.0603077    0.0790288
    0.0975828     0.115865     0.133767     0.151183     0.168002     0.184112
     0.199392     0.213716     0.226944     0.238929     0.249529
  0.000950560  -0.00252358  -0.00912611   -0.0175265   -0.0266159   -0.0361105
   -0.0458932   -0.0558953   -0.0660744   -0.0764024   -0.0868595   -0.0974300
    -0.108099    -0.118851    -0.129662    -0.140501    -0.150878    -0.160806
    -0.170273    -0.179252    -0.187707    -0.195593    -0.202862    -0.209460
    -0.215329    -0.220410    -0.224643    -0.227969    -0.230329    -0.231669
    -0.231937    -0.231090    -0.229086    -0.225892    -0.221482    -0.215836
    -0.208940    -0.200786    -0.191368    -0.180684    -0.168727    -0.155483
    -0.140910    -0.124964    -0.108483   -0.0913974   -0.0737991   -0.0557661
   -0.0373611   -0.0186450  0.000319779    0.0194687    0.0387351    0.0580509
    0.0773469    0.0965531     0.115598     0.134407     0.152898     0.170973
     0.188511     0.205351     0.221281     0.236031     0.249284
  -0.00303101  -0.00658594   -0.0138964   -0.0227130   -0.0318630   -0.0413494
   -0.0511557   -0.0612474   -0.0715918   -0.0821618   -0.0929356    -0.103895
    -0.115024    -0.126305    -0.137714    -0.148807    -0.159554    -0.169931
    -0.179911    -0.189456    -0.198525    -0.207067    -0.215027    -0.222344
    -0.228955    -0.234792    -0.239789    -0.243878    -0.246996    -0.249080
    -0.250073    -0.249925    -0.248592    -0.246038    -0.242234    -0.237161
    -0.230806    -0.223163    -0.214233    -0.204021    -0.192533    -0.179777
    -0.165763    -0.150508    -0.134075    -0.116331   -0.0981829   -0.0796383
   -0.0607284   -0.0414880   -0.0219569  -0.00217865    0.0178041    0.0379506
    0.0582239    0.0785908    0.0990217     0.119488     0.139958     0.160387
     0.180698     0.200757     0.220314     0.238942     0.256011
  -0.00809840   -0.0122940   -0.0191180   -0.0275872   -0.0367661   -0.0463794
   -0.0563531   -0.0666531   -0.0772548   -0.0881374   -0.0992837    -0.110681
    -0.122325    -0.134228    -0.145921    -0.157369    -0.168546    -0.179422
    -0.189960    -0.200119    -0.209850    -0.219096    -0.227795    -0.235880
    -0.243278    -0.249915    -0.255716    -0.260605    -0.264510    -0.267360
    -0.269093    -0.269649    -0.268980    -0.267046    -0.263816    -0.259268
    -0.253391    -0.246182    -0.237647    -0.227795    -0.216644    -0.204211
    -0.190514    -0.175569    -0.159376    -0.141907    -0.123126    -0.103964
   -0.0844217   -0.0645074   -0.0442549   -0.0236949  -0.00285365    0.0182514
    0.0396132    0.0612369    0.0831409     0.105358     0.127937     0.150937
     0.174426     0.198463     0.223038     0.247871     0.271610
  -0.00975721   -0.0136282   -0.0220369   -0.0316055   -0.0412114   -0.0511116
   -0.0613594   -0.0719555   -0.0828886   -0.0941440    -0.105706    -0.117555
    -0.129667    -0.142009    -0.154121    -0.166021    -0.177698    -0.189129
    -0.200278    -0.211099    -0.221539    -0.231535    -0.241020    -0.249916
    -0.258145    -0.265624    -0.272268    -0.277991    -0.282712    -0.286352
    -0.288839    -0.290106    -0.290099    -0.288770    -0.286087    -0.282025
    -0.276574    -0.269731    -0.261508    -0.251920    -0.240992    -0.228751
    -0.215224    -0.200436    -0.184404    -0.167129    -0.148590    -0.128757
    -0.108537   -0.0878418   -0.0667500   -0.0453122   -0.0235475  -0.00145684
    0.0209780    0.0437955    0.0670585    0.0908596     0.115330     0.140651
     0.167076     0.194964     0.224872     0.257922     0.299218
   -0.0148586   -0.0196572   -0.0268733   -0.0357369   -0.0453975   -0.0555461
   -0.0661052   -0.0770519   -0.0883744    -0.100063    -0.112108    -0.124496
    -0.137204    -0.149817    -0.162313    -0.174676    -0.186885    -0.198909
    -0.210708    -0.222231    -0.233420    -0.244207    -0.254515    -0.264262
    -0.273360    -0.281715    -0.289234    -0.295821    -0.301384    -0.305834
    -0.309087    -0.311072    -0.311723    -0.310989    -0.308830    -0.305221
    -0.300150    -0.293618    -0.285637    -0.276232    -0.265434    -0.253281
    -0.239813    -0.225071    -0.209093    -0.191912    -0.173556    -0.154054
    -0.133469    -0.111641   -0.0895421   -0.0671480   -0.0444519   -0.0214321
   0.00194908    0.0257517    0.0500645    0.0750135     0.100774     0.127591
     0.155799     0.185865     0.218427     0.254369     0.295227
   -0.0144542   -0.0186274   -0.0284418   -0.0388331   -0.0490433   -0.0595707
   -0.0704998   -0.0818414   -0.0935940    -0.105758    -0.118340    -0.131363
    -0.144378    -0.157362    -0.170298    -0.183168    -0.195944    -0.208594
    -0.221074    -0.233329    -0.245295    -0.256900    -0.268060    -0.278684
    -0.288675    -0.297932    -0.306348    -0.313819    -0.320240    -0.325512
    -0.329541    -0.332245    -0.333549    -0.333397    -0.331742    -0.328557
    -0.323828    -0.317557    -0.309761    -0.300470    -0.289723    -0.277570
    -0.264062    -0.249256    -0.233203    -0.215952    -0.197543    -0.178001
    -0.157327    -0.135477    -0.112389   -0.0890763   -0.0655165   -0.0416924
   -0.0175649   0.00692695    0.0318700    0.0573838    0.0836307     0.110831
     0.139282     0.169394     0.201726     0.236928     0.274389
   -0.0199347   -0.0252897   -0.0328660   -0.0421077   -0.0523233   -0.0631550
   -0.0744733   -0.0862359   -0.0984295    -0.111051    -0.124103    -0.137590
    -0.151046    -0.164489    -0.177922    -0.191335    -0.204707    -0.218003
    -0.231180    -0.244181    -0.256938    -0.269372    -0.281394    -0.292905
    -0.303799    -0.313965    -0.323286    -0.331646    -0.338928    -0.345023
    -0.349825    -0.353241    -0.355188    -0.355601    -0.354429    -0.351639
    -0.347217    -0.341166    -0.333507    -0.324274    -0.313516    -0.301292
    -0.287666    -0.272706    -0.256480    -0.239050    -0.220469    -0.200773
    -0.179983    -0.158092    -0.135063    -0.110848   -0.0864964   -0.0620022
   -0.0373354   -0.0124483    0.0127229    0.0382591    0.0642615    0.0908567
     0.118201     0.146492     0.175984     0.207050     0.239872
   -0.0183967   -0.0231370   -0.0325862   -0.0436091   -0.0547457   -0.0661766
   -0.0779892   -0.0902137    -0.102863    -0.115943    -0.129449    -0.143355
    -0.157244    -0.171149    -0.185084    -0.199044    -0.213011    -0.226952
    -0.240822    -0.254561    -0.268099    -0.281352    -0.294224    -0.306610
    -0.318394    -0.329456    -0.339668    -0.348902    -0.357031    -0.363932
    -0.369490    -0.373599    -0.376168    -0.377124    -0.376408    -0.373985
    -0.369838    -0.363972    -0.356410    -0.347192    -0.336376    -0.324029
    -0.310229    -0.295057    -0.278594    -0.260917    -0.242096    -0.222185
    -0.201223    -0.179228    -0.156196    -0.132103    -0.106938   -0.0818792
   -0.0568449   -0.0317859  -0.00666726    0.0185417    0.0438672    0.0693258
    0.0949101     0.120560     0.146102     0.171120     0.194761
   -0.0204789   -0.0257436   -0.0346990   -0.0455846   -0.0570567   -0.0689150
   -0.0811623   -0.0938225    -0.106922    -0.120487    -0.134556    -0.148713
    -0.162950    -0.177271    -0.191675    -0.206156    -0.220691    -0.235249
    -0.249781    -0.264227    -0.278512    -0.292548    -0.306233    -0.319455
    -0.332090    -0.344008    -0.355071    -0.365141    -0.374078    -0.381749
    -0.388025    -0.392792    -0.395949    -0.397413    -0.397122    -0.395034
    -0.391131    -0.385418    -0.377922    -0.368689    -0.357783    -0.345282
    -0.331276    -0.315857    -0.299123    -0.281166    -0.262070    -0.241907
    -0.220732    -0.198573    -0.175430    -0.151255    -0.125923    -0.100621
   -0.0754016   -0.0503076   -0.0253628 -0.000590384    0.0239773    0.0482867
    0.0722477    0.0957121     0.118447     0.140111     0.160253
   -0.0213798   -0.0266843   -0.0360854   -0.0474224   -0.0592484   -0.0714466
   -0.0840393   -0.0970535    -0.110516    -0.124452    -0.138891    -0.153394
    -0.167996    -0.182715    -0.197557    -0.212517    -0.227575    -0.242697
    -0.257837    -0.272931    -0.287901    -0.302655    -0.317087    -0.331077
    -0.344494    -0.357200    -0.369047    -0.379885    -0.389566    -0.397943
    -0.404879    -0.410249    -0.413943    -0.415870    -0.415961    -0.414171
    -0.410480    -0.404893    -0.397440    -0.388171    -0.377160    -0.364492
    -0.350269    -0.334596    -0.317583    -0.299340    -0.279966    -0.259552
    -0.238173    -0.215884    -0.192719    -0.168686    -0.143778    -0.117998
   -0.0924812   -0.0672876   -0.0424604   -0.0180400   0.00592193    0.0293534
    0.0521536    0.0741860    0.0952735     0.115201     0.133729
   -0.0224576   -0.0278062   -0.0375829   -0.0492614   -0.0613362   -0.0737766
   -0.0866241   -0.0999077    -0.113651    -0.127874    -0.142598    -0.157400
    -0.172321    -0.187386    -0.202608    -0.217983    -0.233493    -0.249106
    -0.264772    -0.280429    -0.295994    -0.311374    -0.326456    -0.341116
    -0.355217    -0.368610    -0.381141    -0.392652    -0.402983    -0.411978
    -0.419492    -0.425388    -0.429549    -0.431878    -0.432298    -0.430763
    -0.427250    -0.421764    -0.414336    -0.405024    -0.393905    -0.381075
    -0.366643    -0.350729    -0.333453    -0.314939    -0.295303    -0.274652
    -0.253077    -0.230656    -0.207446    -0.183489    -0.158808    -0.133423
    -0.107376   -0.0819608   -0.0571408   -0.0329252  -0.00935237    0.0135158
    0.0355958    0.0567836    0.0769566    0.0959790     0.113711
   -0.0247845   -0.0305510   -0.0398664   -0.0512150   -0.0633064   -0.0758718
   -0.0888883    -0.102370    -0.116331    -0.130781    -0.145703    -0.160716
    -0.175873    -0.191203    -0.206721    -0.222423    -0.238292    -0.254296
    -0.270386    -0.286494    -0.302540    -0.318424    -0.334032    -0.349235
    -0.363888    -0.377840    -0.390928    -0.402985    -0.413845    -0.423344
    -0.431327    -0.437652    -0.442193    -0.444847    -0.445535    -0.444204
    -0.440832    -0.435422    -0.428010    -0.418654    -0.407438    -0.394465
    -0.379852    -0.363727    -0.346223    -0.327474    -0.307607    -0.286741
    -0.264981    -0.242416    -0.219114    -0.195119    -0.170450    -0.145091
    -0.118980   -0.0935107   -0.0687041   -0.0445960   -0.0212330   0.00132726
    0.0230162    0.0437550    0.0634573    0.0820334    0.0993959
   -0.0245572   -0.0298498   -0.0404677   -0.0526762   -0.0649699   -0.0776286
   -0.0907546    -0.104387    -0.118554    -0.133295    -0.148208    -0.163297
    -0.178582    -0.194078    -0.209792    -0.225718    -0.241837    -0.258115
    -0.274502    -0.290931    -0.307319    -0.323563    -0.339548    -0.355139
    -0.370191    -0.384545    -0.398034    -0.410487    -0.421730    -0.431594
    -0.439918    -0.446554    -0.451372    -0.454262    -0.455144    -0.453961
    -0.450690    -0.445334    -0.437930    -0.428539    -0.417248    -0.404165
    -0.389413    -0.373126    -0.355446    -0.336513    -0.316464    -0.295425
    -0.273511    -0.250819    -0.227423    -0.203373    -0.178688    -0.153342
    -0.127245    -0.101692   -0.0768149   -0.0526897   -0.0293730  -0.00691844
    0.0146172    0.0351720    0.0546808    0.0730778    0.0903014
   -0.0287289   -0.0350086   -0.0437828   -0.0544920   -0.0663444   -0.0789199
   -0.0920766    -0.105781    -0.120039    -0.134870    -0.149838    -0.164984
    -0.180337    -0.195916    -0.211728    -0.227768    -0.244017    -0.260440
    -0.276986    -0.293589    -0.310162    -0.326604    -0.342796    -0.358604
    -0.373878    -0.388458    -0.402174    -0.414850    -0.426311    -0.436384
    -0.444903    -0.451718    -0.456696    -0.459724    -0.460718    -0.459623
    -0.456410    -0.451087    -0.443688    -0.434276    -0.422941    -0.409792
    -0.394956    -0.378571    -0.360781    -0.341732    -0.321564    -0.300411
    -0.278390    -0.255606    -0.232142    -0.208065    -0.183420    -0.158241
    -0.132559    -0.106460   -0.0812781   -0.0569774   -0.0335603   -0.0110520
    0.0105068    0.0310661    0.0505703    0.0689628    0.0861906
   -0.0249453   -0.0299934   -0.0415188   -0.0542272   -0.0667107   -0.0795078
   -0.0927590    -0.106513    -0.120798    -0.135642    -0.150610    -0.165749
    -0.181093    -0.196664    -0.212472    -0.228511    -0.244763    -0.261193
    -0.277751    -0.294369    -0.310963    -0.327429    -0.343650    -0.359489
    -0.374798    -0.389415    -0.403169    -0.415886    -0.427388    -0.437502
    -0.446061    -0.452915    -0.457927    -0.460988    -0.462010    -0.460938
    -0.457743    -0.452431    -0.445038    -0.435625    -0.424282    -0.411119
    -0.396262    -0.379850    -0.362028    -0.342940    -0.322729    -0.301525
    -0.279449    -0.256603    -0.233072    -0.208921    -0.184195    -0.158929
    -0.133158    -0.106936   -0.0816252   -0.0571873   -0.0336241   -0.0109626
    0.0107538    0.0314703    0.0511256    0.0696567    0.0870033
   -0.0278640   -0.0338490   -0.0431986   -0.0546190   -0.0668891   -0.0796694
   -0.0929155    -0.106644    -0.120883    -0.135663    -0.150553    -0.165603
    -0.180848    -0.196313    -0.212006    -0.227925    -0.244050    -0.260347
    -0.276767    -0.293241    -0.309686    -0.326001    -0.342066    -0.357749
    -0.372901    -0.387364    -0.400967    -0.413539    -0.424902    -0.434887
    -0.443329    -0.450079    -0.455002    -0.457989    -0.458954    -0.457841
    -0.454623    -0.449304    -0.441918    -0.432527    -0.421217    -0.408095
    -0.393286    -0.376925    -0.359153    -0.340110    -0.319935    -0.298754
    -0.276681    -0.253812    -0.230220    -0.205954    -0.181029    -0.155419
    -0.129033    -0.103136   -0.0778821   -0.0533460   -0.0295860  -0.00666077
    0.0153634    0.0364107    0.0563971    0.0752350    0.0928386
   -0.0261534   -0.0314766   -0.0420171   -0.0543023   -0.0667330   -0.0794818
   -0.0926375    -0.106247    -0.120349    -0.134977    -0.149700    -0.164570
    -0.179621    -0.194877    -0.210347    -0.226027    -0.241898    -0.257926
    -0.274060    -0.290236    -0.306369    -0.322361    -0.338095    -0.353440
    -0.368251    -0.382374    -0.395643    -0.407890    -0.418943    -0.428636
    -0.436810    -0.443318    -0.448032    -0.450844    -0.451671    -0.450458
    -0.447178    -0.441835    -0.434461    -0.425114    -0.413877    -0.400853
    -0.386160    -0.369927    -0.352288    -0.333376    -0.313321    -0.292242
    -0.270243    -0.247410    -0.223809    -0.199478    -0.174428    -0.148637
    -0.122044   -0.0960254   -0.0705997   -0.0458014   -0.0216792   0.00170262
    0.0242612    0.0458941    0.0664805    0.0858865     0.103974
   -0.0278229   -0.0335401   -0.0429888   -0.0544460   -0.0665494   -0.0790678
   -0.0919990    -0.105375    -0.119232    -0.133609    -0.148076    -0.162677
    -0.177444    -0.192396    -0.207540    -0.222871    -0.238369    -0.254000
    -0.269714    -0.285447    -0.301118    -0.316630    -0.331869    -0.346710
    -0.361012    -0.374627    -0.387394    -0.399153    -0.409738    -0.418992
    -0.426760    -0.432904    -0.437300    -0.439845    -0.440461    -0.439093
    -0.435717    -0.430335    -0.422976    -0.413695    -0.402569    -0.389694
    -0.375180    -0.359146    -0.341718    -0.323017    -0.303163    -0.282261
    -0.260405    -0.237668    -0.214103    -0.189741    -0.164591    -0.138654
    -0.111948   -0.0857768   -0.0600950   -0.0349029   -0.0102315    0.0138584
    0.0372730    0.0598795    0.0815031     0.101929     0.120915
   -0.0278252   -0.0332774   -0.0428971   -0.0543750   -0.0662424   -0.0784405
   -0.0910236    -0.104039    -0.117532    -0.131550    -0.145684    -0.159947
    -0.174355    -0.188922    -0.203652    -0.218538    -0.233559    -0.248681
    -0.263857    -0.279022    -0.294099    -0.308993    -0.323597    -0.337790
    -0.351437    -0.364397    -0.376519    -0.387649    -0.397633    -0.406320
    -0.413565    -0.419239    -0.423224    -0.425425    -0.425766    -0.424198
    -0.420695    -0.415260    -0.407919    -0.398721    -0.387736    -0.375053
    -0.360771    -0.344999    -0.327848    -0.309428    -0.289844    -0.269186
    -0.247533    -0.224941    -0.201440    -0.177029    -0.151658    -0.125211
   -0.0988757   -0.0727467   -0.0468476   -0.0211905   0.00420361    0.0292904
    0.0539856    0.0781442     0.101534     0.123814     0.144543
   -0.0288016   -0.0341501   -0.0435367   -0.0545934   -0.0659457   -0.0776265
   -0.0897073    -0.102224    -0.115195    -0.128626    -0.142493    -0.156406
    -0.170411    -0.184531    -0.198775    -0.213136    -0.227594    -0.242116
    -0.256655    -0.271149    -0.285524    -0.299689    -0.313542    -0.326969
    -0.339844    -0.352032    -0.363393    -0.373783    -0.383057    -0.391076
    -0.397706    -0.402825    -0.406326    -0.408119    -0.408135    -0.406327
    -0.402672    -0.397171    -0.389847    -0.380742    -0.369921    -0.357461
    -0.343451    -0.327985    -0.311163    -0.293078    -0.273819    -0.253462
    -0.232068    -0.209676    -0.186308    -0.161959    -0.136610    -0.110217
   -0.0839954   -0.0578496   -0.0317194  -0.00555699    0.0206769    0.0470080
    0.0734346    0.0998974     0.126215     0.151949     0.176202
   -0.0320784   -0.0379238   -0.0457644   -0.0551737   -0.0655252   -0.0765010
   -0.0879910   -0.0999617    -0.112406    -0.125328    -0.138737    -0.152191
    -0.165715    -0.179324    -0.193020    -0.206792    -0.220620    -0.234471
    -0.248299    -0.262044    -0.275635    -0.288987    -0.302004    -0.314579
    -0.326593    -0.337923    -0.348438    -0.358005    -0.366491    -0.373769
    -0.379714    -0.384217    -0.387178    -0.388517    -0.388169    -0.386091
    -0.382262    -0.376681    -0.369368    -0.360360    -0.349712    -0.337492
    -0.323775    -0.308644    -0.292182    -0.274467    -0.255569    -0.235546
    -0.214438    -0.192263    -0.169017    -0.144675    -0.119162   -0.0935226
   -0.0677607   -0.0418279   -0.0156523    0.0108574    0.0378135    0.0653528
    0.0936409     0.122880     0.153328     0.185356     0.219152
   -0.0291114   -0.0339101   -0.0438490   -0.0540569   -0.0641932   -0.0747206
   -0.0857044   -0.0971524    -0.109067    -0.121458    -0.134347    -0.147304
    -0.160317    -0.173382    -0.186493    -0.199638    -0.212793    -0.225926
    -0.238992    -0.251936    -0.264689    -0.277172    -0.289296    -0.300961
    -0.312059    -0.322474    -0.332089    -0.340781    -0.348430    -0.354918
    -0.360136    -0.363982    -0.366368    -0.367219    -0.366479    -0.364107
    -0.360085    -0.354408    -0.347095    -0.338175    -0.327696    -0.315714
    -0.302295    -0.287505    -0.271413    -0.254081    -0.235562    -0.215891
    -0.195087    -0.173137    -0.150004    -0.125628    -0.101017   -0.0761699
   -0.0510458   -0.0255807  0.000320163    0.0267870    0.0539948    0.0821773
     0.111649     0.142836     0.176319     0.212775     0.251586
   -0.0312385   -0.0366525   -0.0440045   -0.0527536   -0.0622786   -0.0723258
   -0.0828275   -0.0937656    -0.105133    -0.116925    -0.129130    -0.141713
    -0.154257    -0.166787    -0.179307    -0.191807    -0.204268    -0.216659
    -0.228938    -0.241053    -0.252939    -0.264525    -0.275727    -0.286454
    -0.296606    -0.306080    -0.314768    -0.322560    -0.329347    -0.335024
    -0.339492    -0.342661    -0.344450    -0.344795    -0.343643    -0.340959
    -0.336723    -0.330932    -0.323598    -0.314747    -0.304417    -0.292655
    -0.279513    -0.265047    -0.249311    -0.232352    -0.214209    -0.194902
    -0.174426    -0.152729    -0.129665    -0.106298   -0.0826603   -0.0587308
   -0.0344642  -0.00978929    0.0153962    0.0412330    0.0679130    0.0956976
     0.124944     0.156142     0.189957     0.227294     0.269591
   -0.0278199   -0.0322377   -0.0408912   -0.0502955   -0.0596672   -0.0693558
   -0.0794249   -0.0898847    -0.100736    -0.111977    -0.123614    -0.135665
    -0.147688    -0.159665    -0.171587    -0.183440    -0.195203    -0.206847
    -0.218333    -0.229612    -0.240626    -0.251309    -0.261584    -0.271368
    -0.280572    -0.289102    -0.296861    -0.303751    -0.309674    -0.314538
    -0.318252    -0.320738    -0.321925    -0.321753    -0.320176    -0.317162
    -0.312692    -0.306762    -0.299379    -0.290563    -0.280345    -0.268762
    -0.255854    -0.241666    -0.226238    -0.209607    -0.191804    -0.172853
    -0.152788    -0.131657    -0.109328   -0.0869144   -0.0643097   -0.0414519
   -0.0182848   0.00525625    0.0292549    0.0538227    0.0791091     0.105315
     0.132714     0.161692     0.192844     0.227360     0.270611
   -0.0280181   -0.0328740   -0.0396981   -0.0478577   -0.0566874   -0.0659540
   -0.0755967   -0.0855962   -0.0959427    -0.106629    -0.117649    -0.128989
    -0.140615    -0.152092    -0.163441    -0.174662    -0.185739    -0.196648
    -0.207352    -0.217808    -0.227963    -0.237756    -0.247119    -0.255977
    -0.264250    -0.271854    -0.278701    -0.284706    -0.289781    -0.293843
    -0.296815    -0.298625    -0.299211    -0.298519    -0.296508    -0.293148
    -0.288420    -0.282319    -0.274848    -0.266021    -0.255860    -0.244393
    -0.231649    -0.217660    -0.202452    -0.186042    -0.168433    -0.149616
    -0.129537    -0.109134   -0.0883246   -0.0672267   -0.0458780   -0.0242849
  -0.00243777    0.0196865    0.0421238    0.0649239    0.0881505     0.111880
     0.136195     0.161170     0.186812     0.212859     0.238043
   -0.0245149   -0.0286008   -0.0360247   -0.0445430   -0.0532105   -0.0621676
   -0.0714385   -0.0810159   -0.0908890    -0.101051    -0.111500    -0.122243
    -0.133303    -0.144225    -0.154995    -0.165594    -0.176005    -0.186200
    -0.196147    -0.205806    -0.215130    -0.224063    -0.232544    -0.240507
    -0.247880    -0.254590    -0.260558    -0.265707    -0.269962    -0.273249
    -0.275498    -0.276647    -0.276639    -0.275427    -0.272974    -0.269250
    -0.264237    -0.257927    -0.250318    -0.241419    -0.231243    -0.219808
    -0.207135    -0.193244    -0.178150    -0.161864    -0.144358    -0.125582
    -0.106485   -0.0870934   -0.0674235   -0.0475109   -0.0273921  -0.00709708
    0.0133508    0.0339338    0.0546375    0.0754481    0.0963467     0.117299
     0.138237     0.159027     0.179414     0.198947     0.216919
   -0.0229678   -0.0271284   -0.0334662   -0.0411622   -0.0494597   -0.0581285
   -0.0670839   -0.0762855   -0.0857133   -0.0953579    -0.105215    -0.115285
    -0.125564    -0.136037    -0.146289    -0.156314    -0.166096    -0.175615
    -0.184841    -0.193739    -0.202268    -0.210380    -0.218020    -0.225130
    -0.231647    -0.237504    -0.242633    -0.246967    -0.250438    -0.252980
    -0.254533    -0.255039    -0.254449    -0.252720    -0.249814    -0.245706
    -0.240376    -0.233810    -0.226005    -0.216959    -0.206678    -0.195170
    -0.182444    -0.168510    -0.153397    -0.137149    -0.119638    -0.101787
   -0.0836280   -0.0651924   -0.0465216   -0.0276641  -0.00867108    0.0104051
    0.0295120    0.0485967    0.0676043    0.0864749     0.105139     0.123507
     0.141463     0.158844     0.175429     0.190934     0.205029
   -0.0192750   -0.0229379   -0.0291198   -0.0369502   -0.0453579   -0.0539784
   -0.0627374   -0.0716216   -0.0806300   -0.0897654   -0.0990308    -0.108429
    -0.117960    -0.127625    -0.137413    -0.146906    -0.156101    -0.164981
    -0.173525    -0.181703    -0.189481    -0.196816    -0.203661    -0.209966
    -0.215674    -0.220727    -0.225064    -0.228627    -0.231354    -0.233187
    -0.234072    -0.233957    -0.232796    -0.230548    -0.227181    -0.222664
    -0.216978    -0.210106    -0.202035    -0.192759    -0.182271    -0.170562
    -0.157620    -0.143409    -0.127865    -0.111847   -0.0952793   -0.0782839
   -0.0609369   -0.0433088   -0.0254685  -0.00748711    0.0105604    0.0285960
    0.0465386    0.0643048    0.0818089    0.0989622     0.115670     0.131832
     0.147332     0.162041     0.175813     0.188486     0.199894
   -0.0119377   -0.0132124   -0.0225078   -0.0326258   -0.0415698   -0.0502222
   -0.0587895   -0.0673409   -0.0759092   -0.0845144   -0.0931703    -0.101887
    -0.110670    -0.119525    -0.128454    -0.137452    -0.146090    -0.154366
    -0.162263    -0.169760    -0.176829    -0.183433    -0.189532    -0.195081
    -0.200030    -0.204329    -0.207923    -0.210760    -0.212786    -0.213947
    -0.214193    -0.213476    -0.211754    -0.208987    -0.205142    -0.200189
    -0.194105    -0.186868    -0.178459    -0.168860    -0.158064    -0.146055
    -0.132846    -0.118292    -0.103239   -0.0876988   -0.0716882   -0.0552563
   -0.0384701   -0.0214047  -0.00414316    0.0132231    0.0305949    0.0478663
    0.0649258    0.0816592    0.0979526     0.113693     0.128775     0.143097
     0.156564     0.169088     0.180586     0.190985     0.200223
   -0.0145944   -0.0175202   -0.0233050   -0.0309799   -0.0392174   -0.0474831
   -0.0556670   -0.0637709   -0.0718180   -0.0798314   -0.0878305   -0.0958302
    -0.103841    -0.111871    -0.119924    -0.128006    -0.136112    -0.143803
    -0.151079    -0.157930    -0.164330    -0.170248    -0.175648    -0.180490
    -0.184730    -0.188324    -0.191224    -0.193381    -0.194746    -0.195271
    -0.194907    -0.193608    -0.191332    -0.188040    -0.183698    -0.178275
    -0.171742    -0.164078    -0.155247    -0.145217    -0.133976    -0.121363
    -0.108140   -0.0942026   -0.0796407   -0.0645075   -0.0488558   -0.0327465
   -0.0162506  0.000548133    0.0175522    0.0346496    0.0517133    0.0686030
    0.0851683     0.101254     0.116706     0.131385     0.145164     0.157943
     0.169649     0.180235     0.189683     0.197993     0.205184
  -0.00943915  -0.00915655   -0.0197391   -0.0296447   -0.0379983   -0.0459166
   -0.0536060   -0.0611386   -0.0685564   -0.0758901   -0.0831634   -0.0903936
   -0.0975927    -0.104768    -0.111924    -0.119061    -0.126184    -0.133295
    -0.139945    -0.146179    -0.151951    -0.157231    -0.161979    -0.166160
    -0.169738    -0.172673    -0.174924    -0.176446    -0.177194    -0.177120
    -0.176175    -0.174312    -0.171485    -0.167655    -0.162789    -0.156850
    -0.149809    -0.141676    -0.132365    -0.121679    -0.110322   -0.0981684
   -0.0852760   -0.0716673   -0.0573774   -0.0424500   -0.0269338   -0.0108871
   0.00561922    0.0224973    0.0396388    0.0569113    0.0741555    0.0911853
     0.107791     0.123752     0.138848     0.152869     0.165663     0.177112
     0.187166     0.195834     0.203168     0.209269     0.214253
   -0.0167009   -0.0192140   -0.0244497   -0.0313499   -0.0386398   -0.0458148
   -0.0527888   -0.0595846   -0.0662408   -0.0727906   -0.0792584   -0.0856606
   -0.0920064   -0.0982991    -0.104537    -0.110711    -0.116809    -0.122808
    -0.128660    -0.134415    -0.139619    -0.144315    -0.148457    -0.152016
    -0.154967    -0.157281    -0.158924    -0.159855    -0.160030    -0.159400
    -0.157911    -0.155506    -0.152130    -0.147738    -0.142329    -0.135812
    -0.127994    -0.119498    -0.110166   -0.0999329   -0.0888704   -0.0769961
   -0.0643288   -0.0508889   -0.0366998   -0.0217885  -0.00618872    0.0100561
    0.0268882    0.0442296    0.0619744    0.0799796    0.0980555     0.115957
     0.133384     0.149987     0.165399     0.179321     0.191468     0.201712
     0.210024     0.216480     0.221300     0.224715     0.227004
   -0.0164596   -0.0167779   -0.0252824   -0.0338708   -0.0408217   -0.0471893
   -0.0532528   -0.0591289   -0.0648787   -0.0705372   -0.0761243   -0.0816496
   -0.0871155   -0.0925186   -0.0978502    -0.103096    -0.108238    -0.113250
    -0.118104    -0.122774    -0.127204    -0.131446    -0.135010    -0.137954
    -0.140291    -0.142006    -0.143073    -0.143456    -0.143111    -0.141985
    -0.140018    -0.137127    -0.133199    -0.128042    -0.122233    -0.115616
    -0.108119   -0.0997904   -0.0906214   -0.0806039   -0.0697403   -0.0580352
   -0.0454928   -0.0321162   -0.0179086  -0.00287451    0.0129787    0.0296375
    0.0470777    0.0652568    0.0841035     0.103500     0.123261     0.143095
     0.162577     0.181124     0.198084     0.212715     0.224691     0.233733
     0.239861     0.243357     0.244568     0.244200     0.242836
   -0.0283005   -0.0309573   -0.0352045   -0.0402098   -0.0452118   -0.0500880
   -0.0548787   -0.0596200   -0.0643301   -0.0690148   -0.0736731   -0.0782993
   -0.0828839   -0.0874143   -0.0918742   -0.0962439    -0.100500    -0.104613
    -0.108550    -0.112272    -0.115729    -0.118863    -0.121563    -0.123773
    -0.125455    -0.126572    -0.127088    -0.126964    -0.126157    -0.124624
    -0.122317    -0.119188    -0.115198    -0.110325    -0.104635   -0.0981255
   -0.0907874   -0.0826158   -0.0736048   -0.0637460   -0.0530313   -0.0414503
   -0.0289904   -0.0156356  -0.00136597    0.0138428    0.0300193    0.0471954
    0.0654043    0.0846755     0.105026     0.126445     0.148861     0.172091
     0.195715     0.218797     0.239476     0.256423     0.268800     0.276485
     0.279548     0.278192     0.273460     0.266941     0.260266
   -0.0395890   -0.0432075   -0.0456230   -0.0478645   -0.0505929   -0.0537204
   -0.0571008   -0.0606409   -0.0642831   -0.0679885   -0.0717280   -0.0754770
   -0.0792132   -0.0829147   -0.0865590   -0.0901217   -0.0935756   -0.0968904
    -0.100032    -0.102960    -0.105631    -0.107991    -0.109987    -0.111566
    -0.112682    -0.113293    -0.113357    -0.112833    -0.111682    -0.109863
    -0.107338    -0.104074    -0.100041   -0.0952246   -0.0896171   -0.0832116
   -0.0759986   -0.0679679   -0.0591074   -0.0494029   -0.0388371   -0.0273893
   -0.0150333  -0.00173620    0.0125440    0.0278603    0.0442796    0.0618862
    0.0807847     0.101104     0.123001     0.146658     0.172284     0.200107
     0.230413     0.264113     0.303117     0.313926     0.332317     0.336012
     0.332908     0.331827     0.306123     0.288539     0.275236
   -0.0478317   -0.0521185   -0.0530490   -0.0535832   -0.0549539   -0.0568627
   -0.0591330   -0.0616557   -0.0643550   -0.0671751   -0.0700730   -0.0730142
   -0.0759690   -0.0789106   -0.0818132   -0.0846507   -0.0873954   -0.0900172
   -0.0924831   -0.0947568   -0.0967984   -0.0985649    -0.100011    -0.101091
    -0.101761    -0.101978    -0.101700    -0.100884   -0.0994909   -0.0974827
   -0.0948232   -0.0914803   -0.0874263   -0.0826385   -0.0770995   -0.0707936
   -0.0637061   -0.0558220   -0.0471252   -0.0375976   -0.0272172   -0.0159571
  -0.00378328   0.00934783    0.0234923    0.0387228    0.0551341    0.0728501
    0.0920345     0.112905     0.135753     0.160969     0.189073     0.220742
     0.256941     0.298413     0.327008     0.346617     0.362210     0.361194
     0.360889     0.341078     0.317051     0.297024     0.281131
   -0.0502856   -0.0540135   -0.0558734   -0.0568048   -0.0577627   -0.0590086
   -0.0605436   -0.0623149   -0.0642665   -0.0663494   -0.0685232   -0.0707545
   -0.0730149   -0.0752788   -0.0775222   -0.0797210   -0.0818496   -0.0838805
   -0.0857835   -0.0875256   -0.0890705   -0.0903794   -0.0914112   -0.0921236
   -0.0924731   -0.0924162   -0.0919097   -0.0909109   -0.0893784   -0.0872725
   -0.0845565   -0.0811968   -0.0771637   -0.0724319   -0.0669797   -0.0607886
   -0.0538418   -0.0461239   -0.0376185   -0.0283077   -0.0181702  -0.00717933
   0.00469893    0.0175085    0.0313067    0.0461682    0.0621914    0.0795069
    0.0982899     0.118780     0.141315     0.166383     0.194725     0.227491
     0.265800     0.301838     0.325423     0.346030     0.354028     0.356286
     0.348402     0.327742     0.307177     0.289944     0.275689
   -0.0552136   -0.0598418   -0.0595995   -0.0590787   -0.0594518   -0.0602340
   -0.0612815   -0.0625230   -0.0639086   -0.0653999   -0.0669667   -0.0685853
   -0.0702358   -0.0719007   -0.0735628   -0.0752038   -0.0768034   -0.0783384
   -0.0797826   -0.0811058   -0.0822748   -0.0832528   -0.0840002   -0.0844750
   -0.0846333   -0.0844298   -0.0838187   -0.0827541   -0.0811909   -0.0790859
   -0.0763987   -0.0730927   -0.0691356   -0.0645004   -0.0591648   -0.0531110
   -0.0463247   -0.0387939   -0.0305072   -0.0214525   -0.0116149 -0.000975452
    0.0104914    0.0228194    0.0360528    0.0502493    0.0654840    0.0818535
    0.0994832     0.118536     0.139229     0.161849     0.186795     0.214593
     0.245240     0.271962     0.290682     0.307119     0.313399     0.316389
     0.310088     0.296571     0.283576     0.271862     0.261431
   -0.0531801   -0.0568484   -0.0586820   -0.0594403   -0.0600043   -0.0606706
   -0.0614657   -0.0623587   -0.0633192   -0.0643268   -0.0653700   -0.0664431
   -0.0675426   -0.0686651   -0.0698051   -0.0709542   -0.0720996   -0.0732241
   -0.0743054   -0.0753168   -0.0762265   -0.0769986   -0.0775931   -0.0779665
   -0.0780724   -0.0778617   -0.0772834   -0.0762857   -0.0748166   -0.0728257
   -0.0702658   -0.0670945   -0.0632759   -0.0587814   -0.0535904   -0.0476891
   -0.0410705   -0.0337315   -0.0256717   -0.0168907  -0.00738633   0.00284677
    0.0138188    0.0255455    0.0380493    0.0513591    0.0655108    0.0805461
    0.0965102     0.113446     0.131379     0.150288     0.170037     0.190225
     0.209964     0.227835     0.242727     0.254081     0.261407     0.264689
     0.264057     0.260341     0.254895     0.248727     0.242437
   -0.0565567   -0.0613583   -0.0601750   -0.0595746   -0.0600137   -0.0606910
   -0.0613960   -0.0620588   -0.0626648   -0.0632251   -0.0637616   -0.0642980
   -0.0648563   -0.0654533   -0.0660998   -0.0667997   -0.0675492   -0.0683374
   -0.0691462   -0.0699506   -0.0707194   -0.0714158   -0.0719978   -0.0724188
   -0.0726278   -0.0725699   -0.0721862   -0.0714149   -0.0701921   -0.0684545
   -0.0661419   -0.0632012   -0.0595886   -0.0552738   -0.0502390   -0.0444805
   -0.0380044   -0.0308247   -0.0229596   -0.0144274  -0.00524462   0.00457621
    0.0150267    0.0261027    0.0378030    0.0501282    0.0630771    0.0766436
    0.0908094     0.105534     0.120738     0.136281     0.151927     0.167315
     0.181953     0.195288     0.206804     0.216093     0.222940     0.227291
     0.229316     0.229369     0.227911     0.225427     0.222320
   -0.0497487   -0.0534595   -0.0561064   -0.0580636   -0.0596342   -0.0608244
   -0.0616100   -0.0620484   -0.0622337   -0.0622562   -0.0621939   -0.0621137
   -0.0620702   -0.0621055   -0.0622481   -0.0625146   -0.0629099   -0.0634279
   -0.0640525   -0.0647588   -0.0655136   -0.0662766   -0.0670018   -0.0676383
   -0.0681300   -0.0684151   -0.0684253   -0.0680842   -0.0673088   -0.0660117
   -0.0641077   -0.0615189   -0.0581880   -0.0540763   -0.0491757   -0.0434971
   -0.0370758   -0.0299566   -0.0221886   -0.0138184  -0.00488608   0.00457581
    0.0145417    0.0249910    0.0359052    0.0472650    0.0590465    0.0712160
    0.0837250    0.0965022     0.109445     0.122409     0.135204     0.147588
     0.159282     0.169992     0.179448     0.187443     0.193842     0.198622
     0.201850     0.203683     0.204342     0.204068     0.203094
   -0.0464077   -0.0502688   -0.0540068   -0.0575996   -0.0608313   -0.0626744
   -0.0631128   -0.0629393   -0.0623735   -0.0615673   -0.0606628   -0.0597734
   -0.0589867   -0.0583669   -0.0579578   -0.0577850   -0.0578576   -0.0581711
   -0.0587083   -0.0594396   -0.0603249   -0.0613163   -0.0623605   -0.0634015
   -0.0643811   -0.0652355   -0.0658904   -0.0662548   -0.0662162   -0.0656417
   -0.0643891   -0.0623348   -0.0593737   -0.0554645   -0.0505991   -0.0448389
   -0.0382675   -0.0309954   -0.0231283   -0.0147536  -0.00593753   0.00327185
    0.0128398    0.0227390    0.0329451    0.0434322    0.0541688    0.0651141
    0.0762143    0.0873983    0.0985746     0.109628     0.120422     0.130797
     0.140584     0.149616     0.157741     0.164839     0.170836     0.175706
     0.179479     0.182229     0.184065     0.185118     0.185523
   -0.0439795   -0.0481718   -0.0527108   -0.0578107   -0.0635423   -0.0663903
   -0.0664847   -0.0652364   -0.0632342   -0.0611021   -0.0589634   -0.0569636
   -0.0552205   -0.0538124   -0.0527853   -0.0521609   -0.0519471   -0.0521366
   -0.0527060   -0.0536193   -0.0548203   -0.0562372   -0.0577988   -0.0594439
   -0.0611228   -0.0627895   -0.0643889   -0.0658364   -0.0669916   -0.0676359
   -0.0674905   -0.0662710   -0.0638288   -0.0600491   -0.0549874   -0.0487385
   -0.0415623   -0.0337194   -0.0254186   -0.0167928  -0.00791717   0.00116730
    0.0104372    0.0198761    0.0294685    0.0391952    0.0490304    0.0589395
    0.0688770    0.0787850    0.0885924    0.0982151     0.107557     0.116516
     0.124983     0.132857     0.140047     0.146480     0.152109     0.156914
     0.160907     0.164124     0.166622     0.168476     0.169765
   -0.0412286   -0.0454102   -0.0500939   -0.0555523   -0.0622491   -0.0664209
   -0.0686203   -0.0673283   -0.0646094   -0.0605134   -0.0565120   -0.0530329
   -0.0501038   -0.0477878   -0.0461064   -0.0450404   -0.0445983   -0.0447700
   -0.0455232   -0.0468430   -0.0486458   -0.0507663   -0.0530669   -0.0554834
   -0.0580049   -0.0606501   -0.0634489   -0.0664220   -0.0695309   -0.0725017
   -0.0744392   -0.0746068   -0.0729003   -0.0691181   -0.0633546   -0.0556244
   -0.0467117   -0.0375266   -0.0283494   -0.0192330   -0.0101697  -0.00113703
   0.00788677    0.0169170    0.0259606    0.0350148    0.0440676    0.0530967
    0.0620700    0.0709459    0.0796733    0.0881933    0.0964405     0.104346
     0.111841     0.118859     0.125344     0.131249     0.136542     0.141209
     0.145253     0.148691     0.151555     0.153889     0.155741
   -0.0377707   -0.0414867   -0.0455200   -0.0499164   -0.0545789   -0.0591179
   -0.0644180   -0.0641470   -0.0631256   -0.0574247   -0.0519403   -0.0470168
   -0.0424537   -0.0391964   -0.0373025   -0.0355349   -0.0349425   -0.0355350
   -0.0362005   -0.0382548   -0.0415923   -0.0449259   -0.0481497   -0.0513458
   -0.0546273   -0.0581278   -0.0620136   -0.0665112   -0.0719652   -0.0790456
   -0.0869658   -0.0857776   -0.0885875   -0.0810496   -0.0779952   -0.0640068
   -0.0515850   -0.0406304   -0.0305415   -0.0210167   -0.0118697  -0.00297881
   0.00573638    0.0143278    0.0228262    0.0312462    0.0395891    0.0478452
    0.0559949    0.0640104    0.0718570    0.0794943    0.0868777    0.0939612
     0.100699     0.107047     0.112968     0.118431     0.123414     0.127906
     0.131906     0.135423     0.138474     0.141087     0.143291
   -0.0338093   -0.0368560   -0.0400107   -0.0432286   -0.0464123   -0.0494954
   -0.0522468   -0.0542211   -0.0571284   -0.0502256   -0.0452148   -0.0400669
   -0.0340115   -0.0301885   -0.0294134   -0.0264395   -0.0258232   -0.0276668
   -0.0271640   -0.0299985   -0.0354703   -0.0397846   -0.0435602   -0.0471310
   -0.0507239   -0.0545381   -0.0587946   -0.0637845   -0.0699326   -0.0778455
   -0.0854592   -0.0860001   -0.0876430   -0.0817995   -0.0771882   -0.0643296
   -0.0515452   -0.0404130   -0.0303821   -0.0210810   -0.0122738  -0.00380900
   0.00441153    0.0124509    0.0203477    0.0281231    0.0357847    0.0433294
    0.0507458    0.0580155    0.0651146    0.0720151    0.0786864    0.0850967
    0.0912144    0.0970101     0.102458     0.107536     0.112228     0.116527
     0.120428     0.123937     0.127064     0.129825     0.132239
