0.000000000000000000e+00 5.372800000000000153e+01
5.000000000000000104e-03 1.790800000000000125e+01
1.000000000000000021e-02 1.342800000000000082e+01
1.499999999999999944e-02 8.949333333000000223e+00
2.000000000000000042e-02 6.708999999999999631e+00
2.500000000000000139e-02 4.022999999999999687e+00
2.999999999999999889e-02 4.872727272999999748e+00
3.500000000000000333e-02 3.825428571000000222e+00
4.000000000000000083e-02 3.821428571000000218e+00
4.499999999999999833e-02 3.143764705999999798e+00
5.000000000000000278e-02 2.965333332999999794e+00
5.500000000000000028e-02 2.805473683999999857e+00
5.999999999999999778e-02 2.419454544999999790e+00
6.500000000000000222e-02 2.415454544999999786e+00
7.000000000000000666e-02 2.122079999999999966e+00
7.499999999999999722e-02 2.036615385000000167e+00
8.000000000000000167e-02 1.957333333000000009e+00
8.500000000000000611e-02 1.363965517000000016e+00
8.999999999999999667e-02 1.754133332999999961e+00
9.500000000000000111e-02 1.640749999999999931e+00
1.000000000000000056e-01 1.587151514999999957e+00
1.049999999999999961e-01 1.492685714000000052e+00
1.100000000000000006e-01 1.447333333000000000e+00
1.150000000000000050e-01 1.404324324000000068e+00
1.199999999999999956e-01 1.328512820999999899e+00
1.250000000000000000e-01 1.291400000000000103e+00
1.300000000000000044e-01 1.256000000000000005e+00
1.350000000000000089e-01 1.222190475999999970e+00
1.400000000000000133e-01 8.721136360000000254e-01
1.449999999999999900e-01 1.133066667000000027e+00
1.499999999999999944e-01 1.081021277000000058e+00
1.549999999999999989e-01 1.077021277000000055e+00
1.600000000000000033e-01 1.029224490000000047e+00
1.650000000000000078e-01 1.004720000000000057e+00
1.700000000000000122e-01 9.810980390000000328e-01
1.749999999999999889e-01 9.583076919999999888e-01
1.799999999999999933e-01 9.363018870000000549e-01
1.849999999999999978e-01 9.150370370000000531e-01
1.900000000000000022e-01 8.784999999999999476e-01
1.950000000000000067e-01 8.745000000000000551e-01
2.000000000000000111e-01 6.303620690000000248e-01
2.049999999999999878e-01 8.364827590000000201e-01
2.099999999999999922e-01 8.183728810000000520e-01
2.149999999999999967e-01 7.876721309999999976e-01
2.200000000000000011e-01 7.836721309999999940e-01
2.250000000000000056e-01 7.670967739999999813e-01
2.300000000000000100e-01 7.392499999999999627e-01
2.349999999999999867e-01 7.352499999999999591e-01
2.399999999999999911e-01 7.199999999999999734e-01
2.449999999999999956e-01 7.159999999999999698e-01
2.500000000000000000e-01 6.907462690000000238e-01
2.550000000000000044e-01 5.150597009999999809e-01
2.600000000000000089e-01 6.727058820000000328e-01
2.650000000000000133e-01 6.590144930000000345e-01
2.700000000000000178e-01 6.456571429999999889e-01
2.750000000000000222e-01 6.416571429999999854e-01
2.800000000000000266e-01 6.286760559999999831e-01
2.849999999999999756e-01 6.159999999999999920e-01
2.899999999999999800e-01 6.036164379999999774e-01
2.949999999999999845e-01 5.996164379999999738e-01
2.999999999999999889e-01 5.956164379999999703e-01
3.049999999999999933e-01 5.758400000000000185e-01
3.099999999999999978e-01 4.288799999999999835e-01
3.150000000000000022e-01 5.678400000000000114e-01
3.200000000000000067e-01 5.564210529999999988e-01
3.250000000000000111e-01 5.452467530000000284e-01
3.300000000000000155e-01 5.412467530000000249e-01
3.350000000000000200e-01 5.372467530000000213e-01
3.400000000000000244e-01 5.264102560000000208e-01
3.449999999999999734e-01 5.224102560000000173e-01
3.499999999999999778e-01 5.118481009999999998e-01
3.549999999999999822e-01 5.014999999999999458e-01
3.599999999999999867e-01 5.037974680000000260e-01
3.649999999999999911e-01 4.935499999999999887e-01
3.699999999999999956e-01 3.671625000000000028e-01
3.750000000000000000e-01 4.795555559999999939e-01
3.800000000000000044e-01 4.755555559999999904e-01
3.850000000000000089e-01 4.715555559999999868e-01
3.900000000000000133e-01 4.618536590000000275e-01
3.950000000000000178e-01 4.635061730000000213e-01
4.000000000000000222e-01 4.539024389999999909e-01
4.050000000000000266e-01 4.444819280000000261e-01
4.099999999999999756e-01 4.458536590000000133e-01
4.149999999999999800e-01 4.365301200000000215e-01
4.199999999999999845e-01 4.378048780000000084e-01
4.249999999999999889e-01 3.214337349999999982e-01
4.299999999999999933e-01 4.245783129999999850e-01
4.349999999999999978e-01 4.155714289999999922e-01
4.400000000000000022e-01 4.165301200000000037e-01
4.450000000000000067e-01 4.125301200000000001e-01
4.500000000000000111e-01 4.036666669999999790e-01
4.550000000000000155e-01 3.996666669999999755e-01
4.600000000000000200e-01 3.956666670000000274e-01
4.650000000000000244e-01 3.963855419999999796e-01
4.699999999999999734e-01 3.877142860000000191e-01
4.749999999999999778e-01 3.837142860000000155e-01
4.799999999999999822e-01 3.797142860000000120e-01
4.849999999999999867e-01 2.817857140000000205e-01
4.899999999999999911e-01 3.717142860000000049e-01
4.949999999999999956e-01 3.633882350000000039e-01
5.000000000000000000e-01 3.636666669999999990e-01
5.050000000000000044e-01 3.596666669999999955e-01
5.100000000000000089e-01 3.556666669999999919e-01
5.150000000000000133e-01 3.516666669999999884e-01
5.200000000000000178e-01 3.476666669999999848e-01
5.250000000000000222e-01 3.478072289999999955e-01
5.300000000000000266e-01 3.397142859999999764e-01
5.350000000000000311e-01 3.357142859999999729e-01
5.400000000000000355e-01 2.487857139999999911e-01
5.450000000000000400e-01 3.316626509999999750e-01
5.500000000000000444e-01 3.276626510000000270e-01
5.550000000000000488e-01 3.198095240000000117e-01
5.600000000000000533e-01 3.196144579999999902e-01
5.649999999999999467e-01 3.156144579999999866e-01
5.699999999999999512e-01 3.154146340000000270e-01
5.749999999999999556e-01 3.076626510000000092e-01
5.799999999999999600e-01 3.073658539999999939e-01
5.849999999999999645e-01 2.997108430000000046e-01
5.899999999999999689e-01 2.993170729999999891e-01
5.949999999999999734e-01 2.989629630000000260e-01
5.999999999999999778e-01 2.185243900000000128e-01
6.049999999999999822e-01 2.909135800000000049e-01
6.099999999999999867e-01 2.869135800000000014e-01
6.149999999999999911e-01 2.829135799999999978e-01
6.199999999999999956e-01 2.823999999999999844e-01
6.250000000000000000e-01 2.783999999999999808e-01
6.300000000000000044e-01 2.743999999999999773e-01
6.350000000000000089e-01 2.703999999999999737e-01
6.400000000000000133e-01 2.697721519999999873e-01
6.450000000000000178e-01 2.657721519999999837e-01
6.500000000000000222e-01 2.617721519999999802e-01
6.550000000000000266e-01 1.958076920000000054e-01
6.600000000000000311e-01 2.570769230000000127e-01
6.650000000000000355e-01 2.530769230000000092e-01
6.700000000000000400e-01 2.523116879999999784e-01
6.750000000000000444e-01 2.451282049999999879e-01
6.800000000000000488e-01 2.474736839999999993e-01
6.850000000000000533e-01 2.403116879999999955e-01
6.899999999999999467e-01 2.394210529999999948e-01
6.949999999999999512e-01 2.354210529999999912e-01
6.999999999999999556e-01 2.314210529999999877e-01
7.049999999999999600e-01 2.304533330000000102e-01
7.099999999999999645e-01 2.264533330000000066e-01
7.149999999999999689e-01 1.668399999999999883e-01
7.199999999999999734e-01 2.184533329999999995e-01
7.249999999999999778e-01 2.173513509999999982e-01
7.299999999999999822e-01 2.133513509999999946e-01
7.349999999999999867e-01 2.122191780000000083e-01
7.399999999999999911e-01 2.082191780000000048e-01
7.449999999999999956e-01 2.042191780000000012e-01
7.500000000000000000e-01 2.002191779999999977e-01
7.550000000000000044e-01 1.989444439999999981e-01
7.600000000000000089e-01 1.949444439999999945e-01
7.650000000000000133e-01 1.909444439999999910e-01
7.700000000000000178e-01 1.421830990000000072e-01
7.750000000000000222e-01 1.855774649999999970e-01
7.800000000000000266e-01 1.815774649999999935e-01
7.850000000000000311e-01 1.801142860000000123e-01
7.900000000000000355e-01 1.761142860000000088e-01
7.950000000000000400e-01 1.721142860000000052e-01
8.000000000000000444e-01 1.705507249999999864e-01
8.050000000000000488e-01 1.665507250000000106e-01
8.100000000000000533e-01 1.625507250000000070e-01
8.149999999999999467e-01 1.608823530000000057e-01
8.199999999999999512e-01 1.568823530000000022e-01
8.249999999999999556e-01 1.146617649999999988e-01
8.299999999999999600e-01 1.511044779999999865e-01
8.349999999999999645e-01 1.471044780000000107e-01
8.399999999999999689e-01 1.431044780000000072e-01
8.449999999999999734e-01 1.412121209999999960e-01
8.499999999999999778e-01 1.372121209999999925e-01
8.549999999999999822e-01 1.332121209999999889e-01
8.599999999999999867e-01 1.312000000000000111e-01
8.649999999999999911e-01 1.272000000000000075e-01
8.699999999999999956e-01 1.232000000000000040e-01
8.750000000000000000e-01 1.210625000000000034e-01
8.800000000000000044e-01 1.170624999999999999e-01
8.850000000000000089e-01 8.479687499999999378e-02
8.900000000000000133e-01 1.107936510000000069e-01
8.950000000000000178e-01 1.067936510000000033e-01
9.000000000000000222e-01 1.027936509999999998e-01
9.050000000000000266e-01 1.003870969999999946e-01
9.100000000000000311e-01 9.638709700000000491e-02
9.150000000000000355e-01 9.238709700000000136e-02
9.200000000000000400e-01 8.983606600000000608e-02
9.250000000000000444e-01 8.583606600000000253e-02
9.300000000000000488e-01 8.319999999999999618e-02
9.350000000000000533e-01 7.920000000000000651e-02
9.399999999999999467e-01 5.639999999999999875e-02
9.449999999999999512e-01 7.240678000000000392e-02
9.499999999999999556e-01 6.840678000000000036e-02
9.549999999999999600e-01 6.440677999999999681e-02
9.599999999999999645e-01 6.144827600000000306e-02
9.649999999999999689e-01 5.744827599999999951e-02
9.699999999999999734e-01 5.344827600000000289e-02
9.749999999999999778e-01 5.031578899999999965e-02
9.799999999999999822e-01 4.631578900000000304e-02
9.849999999999999867e-01 4.307142900000000135e-02
9.899999999999999911e-01 3.907142899999999780e-02
9.949999999999999956e-01 3.507142900000000119e-02
1.000000000000000000e+00 2.999999999999999889e-02
