0.000000000000000000e+00 4.350000000000000000e+19
5.000000000000000104e-03 4.340000000000000000e+19
1.000000000000000021e-02 4.340000000000000000e+19
1.499999999999999944e-02 4.340000000000000000e+19
2.000000000000000042e-02 4.330000000000000000e+19
2.500000000000000139e-02 4.330000000000000000e+19
2.999999999999999889e-02 4.320000000000000000e+19
3.500000000000000333e-02 4.320000000000000000e+19
4.000000000000000083e-02 4.310000000000000000e+19
4.499999999999999833e-02 4.300000000000000000e+19
5.000000000000000278e-02 4.300000000000000000e+19
5.500000000000000028e-02 4.290000000000000000e+19
5.999999999999999778e-02 4.280000000000000000e+19
6.500000000000000222e-02 4.270000000000000000e+19
7.000000000000000666e-02 4.260000000000000000e+19
7.499999999999999722e-02 4.240000000000000000e+19
8.000000000000000167e-02 4.230000000000000000e+19
8.500000000000000611e-02 4.220000000000000000e+19
8.999999999999999667e-02 4.200000000000000000e+19
9.500000000000000111e-02 4.190000000000000000e+19
1.000000000000000056e-01 4.180000000000000000e+19
1.049999999999999961e-01 4.160000000000000000e+19
1.100000000000000006e-01 4.150000000000000000e+19
1.150000000000000050e-01 4.130000000000000000e+19
1.199999999999999956e-01 4.110000000000000000e+19
1.250000000000000000e-01 4.100000000000000000e+19
1.300000000000000044e-01 4.080000000000000000e+19
1.350000000000000089e-01 4.060000000000000000e+19
1.400000000000000133e-01 4.040000000000000000e+19
1.449999999999999900e-01 4.020000000000000000e+19
1.499999999999999944e-01 4.000000000000000000e+19
1.549999999999999989e-01 3.980000000000000000e+19
1.600000000000000033e-01 3.960000000000000000e+19
1.650000000000000078e-01 3.940000000000000000e+19
1.700000000000000122e-01 3.920000000000000000e+19
1.749999999999999889e-01 3.900000000000000000e+19
1.799999999999999933e-01 3.880000000000000000e+19
1.849999999999999978e-01 3.860000000000000000e+19
1.900000000000000022e-01 3.830000000000000000e+19
1.950000000000000067e-01 3.810000000000000000e+19
2.000000000000000111e-01 3.790000000000000000e+19
2.049999999999999878e-01 3.770000000000000000e+19
2.099999999999999922e-01 3.740000000000000000e+19
2.149999999999999967e-01 3.720000000000000000e+19
2.200000000000000011e-01 3.700000000000000000e+19
2.250000000000000056e-01 3.670000000000000000e+19
2.300000000000000100e-01 3.650000000000000000e+19
2.349999999999999867e-01 3.630000000000000000e+19
2.399999999999999911e-01 3.600000000000000000e+19
2.449999999999999956e-01 3.580000000000000000e+19
2.500000000000000000e-01 3.560000000000000000e+19
2.550000000000000044e-01 3.540000000000000000e+19
2.600000000000000089e-01 3.510000000000000000e+19
2.650000000000000133e-01 3.490000000000000000e+19
2.700000000000000178e-01 3.470000000000000000e+19
2.750000000000000222e-01 3.440000000000000000e+19
2.800000000000000266e-01 3.420000000000000000e+19
2.849999999999999756e-01 3.400000000000000000e+19
2.899999999999999800e-01 3.380000000000000000e+19
2.949999999999999845e-01 3.350000000000000000e+19
2.999999999999999889e-01 3.330000000000000000e+19
3.049999999999999933e-01 3.310000000000000000e+19
3.099999999999999978e-01 3.290000000000000000e+19
3.150000000000000022e-01 3.270000000000000000e+19
3.200000000000000067e-01 3.250000000000000000e+19
3.250000000000000111e-01 3.230000000000000000e+19
3.300000000000000155e-01 3.200000000000000000e+19
3.350000000000000200e-01 3.180000000000000000e+19
3.400000000000000244e-01 3.170000000000000000e+19
3.449999999999999734e-01 3.150000000000000000e+19
3.499999999999999778e-01 3.130000000000000000e+19
3.549999999999999822e-01 3.110000000000000000e+19
3.599999999999999867e-01 3.090000000000000000e+19
3.649999999999999911e-01 3.070000000000000000e+19
3.699999999999999956e-01 3.060000000000000000e+19
3.750000000000000000e-01 3.040000000000000000e+19
3.800000000000000044e-01 3.020000000000000000e+19
3.850000000000000089e-01 3.010000000000000000e+19
3.900000000000000133e-01 2.990000000000000000e+19
3.950000000000000178e-01 2.980000000000000000e+19
4.000000000000000222e-01 2.970000000000000000e+19
4.050000000000000266e-01 2.950000000000000000e+19
4.099999999999999756e-01 2.940000000000000000e+19
4.149999999999999800e-01 2.930000000000000000e+19
4.199999999999999845e-01 2.920000000000000000e+19
4.249999999999999889e-01 2.910000000000000000e+19
4.299999999999999933e-01 2.900000000000000000e+19
4.349999999999999978e-01 2.890000000000000000e+19
4.400000000000000022e-01 2.880000000000000000e+19
4.450000000000000067e-01 2.870000000000000000e+19
4.500000000000000111e-01 2.860000000000000000e+19
4.550000000000000155e-01 2.850000000000000000e+19
4.600000000000000200e-01 2.840000000000000000e+19
4.650000000000000244e-01 2.840000000000000000e+19
4.699999999999999734e-01 2.830000000000000000e+19
4.749999999999999778e-01 2.820000000000000000e+19
4.799999999999999822e-01 2.810000000000000000e+19
4.849999999999999867e-01 2.810000000000000000e+19
4.899999999999999911e-01 2.800000000000000000e+19
4.949999999999999956e-01 2.800000000000000000e+19
5.000000000000000000e-01 2.790000000000000000e+19
5.050000000000000044e-01 2.780000000000000000e+19
5.100000000000000089e-01 2.780000000000000000e+19
5.150000000000000133e-01 2.770000000000000000e+19
5.200000000000000178e-01 2.770000000000000000e+19
5.250000000000000222e-01 2.760000000000000000e+19
5.300000000000000266e-01 2.760000000000000000e+19
5.350000000000000311e-01 2.750000000000000000e+19
5.400000000000000355e-01 2.750000000000000000e+19
5.450000000000000400e-01 2.740000000000000000e+19
5.500000000000000444e-01 2.730000000000000000e+19
5.550000000000000488e-01 2.730000000000000000e+19
5.600000000000000533e-01 2.720000000000000000e+19
5.649999999999999467e-01 2.720000000000000000e+19
5.699999999999999512e-01 2.710000000000000000e+19
5.749999999999999556e-01 2.710000000000000000e+19
5.799999999999999600e-01 2.700000000000000000e+19
5.849999999999999645e-01 2.690000000000000000e+19
5.899999999999999689e-01 2.690000000000000000e+19
5.949999999999999734e-01 2.680000000000000000e+19
5.999999999999999778e-01 2.670000000000000000e+19
6.049999999999999822e-01 2.660000000000000000e+19
6.099999999999999867e-01 2.660000000000000000e+19
6.149999999999999911e-01 2.650000000000000000e+19
6.199999999999999956e-01 2.640000000000000000e+19
6.250000000000000000e-01 2.630000000000000000e+19
6.300000000000000044e-01 2.620000000000000000e+19
6.350000000000000089e-01 2.610000000000000000e+19
6.400000000000000133e-01 2.600000000000000000e+19
6.450000000000000178e-01 2.590000000000000000e+19
6.500000000000000222e-01 2.580000000000000000e+19
6.550000000000000266e-01 2.570000000000000000e+19
6.600000000000000311e-01 2.550000000000000000e+19
6.650000000000000355e-01 2.540000000000000000e+19
6.700000000000000400e-01 2.530000000000000000e+19
6.750000000000000444e-01 2.520000000000000000e+19
6.800000000000000488e-01 2.500000000000000000e+19
6.850000000000000533e-01 2.490000000000000000e+19
6.899999999999999467e-01 2.470000000000000000e+19
6.949999999999999512e-01 2.460000000000000000e+19
6.999999999999999556e-01 2.440000000000000000e+19
7.049999999999999600e-01 2.430000000000000000e+19
7.099999999999999645e-01 2.410000000000000000e+19
7.149999999999999689e-01 2.400000000000000000e+19
7.199999999999999734e-01 2.380000000000000000e+19
7.249999999999999778e-01 2.360000000000000000e+19
7.299999999999999822e-01 2.350000000000000000e+19
7.349999999999999867e-01 2.330000000000000000e+19
7.399999999999999911e-01 2.310000000000000000e+19
7.449999999999999956e-01 2.290000000000000000e+19
7.500000000000000000e-01 2.270000000000000000e+19
7.550000000000000044e-01 2.260000000000000000e+19
7.600000000000000089e-01 2.240000000000000000e+19
7.650000000000000133e-01 2.220000000000000000e+19
7.700000000000000178e-01 2.200000000000000000e+19
7.750000000000000222e-01 2.180000000000000000e+19
7.800000000000000266e-01 2.160000000000000000e+19
7.850000000000000311e-01 2.140000000000000000e+19
7.900000000000000355e-01 2.120000000000000000e+19
7.950000000000000400e-01 2.090000000000000000e+19
8.000000000000000444e-01 2.070000000000000000e+19
8.050000000000000488e-01 2.050000000000000000e+19
8.100000000000000533e-01 2.030000000000000000e+19
8.149999999999999467e-01 2.010000000000000000e+19
8.199999999999999512e-01 1.980000000000000000e+19
8.249999999999999556e-01 1.960000000000000000e+19
8.299999999999999600e-01 1.940000000000000000e+19
8.349999999999999645e-01 1.910000000000000000e+19
8.399999999999999689e-01 1.890000000000000000e+19
8.449999999999999734e-01 1.870000000000000000e+19
8.499999999999999778e-01 1.840000000000000000e+19
8.549999999999999822e-01 1.820000000000000000e+19
8.599999999999999867e-01 1.800000000000000000e+19
8.649999999999999911e-01 1.770000000000000000e+19
8.699999999999999956e-01 1.750000000000000000e+19
8.750000000000000000e-01 1.720000000000000000e+19
8.800000000000000044e-01 1.700000000000000000e+19
8.850000000000000089e-01 1.680000000000000000e+19
8.900000000000000133e-01 1.650000000000000000e+19
8.950000000000000178e-01 1.630000000000000000e+19
9.000000000000000222e-01 1.600000000000000000e+19
9.050000000000000266e-01 1.580000000000000000e+19
9.100000000000000311e-01 1.550000000000000000e+19
9.150000000000000355e-01 1.530000000000000000e+19
9.200000000000000400e-01 1.510000000000000000e+19
9.250000000000000444e-01 1.480000000000000000e+19
9.300000000000000488e-01 1.460000000000000000e+19
9.350000000000000533e-01 1.430000000000000000e+19
9.399999999999999467e-01 1.410000000000000000e+19
9.449999999999999512e-01 1.390000000000000000e+19
9.499999999999999556e-01 1.360000000000000000e+19
9.549999999999999600e-01 1.340000000000000000e+19
9.599999999999999645e-01 1.320000000000000000e+19
9.649999999999999689e-01 1.290000000000000000e+19
9.699999999999999734e-01 1.260000000000000000e+19
9.749999999999999778e-01 1.230000000000000000e+19
9.799999999999999822e-01 1.190000000000000000e+19
9.849999999999999867e-01 1.150000000000000000e+19
9.899999999999999911e-01 1.100000000000000000e+19
9.949999999999999956e-01 1.030000000000000000e+19
1.000000000000000000e+00 9.650000000000000000e+18
