0.000000000000000000e+00    2.232746551817025971e+00
5.000000000000000104e-03    2.235354063575462735e+00
1.000000000000000021e-02    2.237219261551337102e+00
1.499999999999999944e-02    2.238388982041999320e+00
2.000000000000000042e-02    2.238907618477100403e+00
2.500000000000000139e-02    2.238817179971372529e+00
2.999999999999999889e-02    2.238157349877404556e+00
3.500000000000000333e-02    2.236965544338411771e+00
4.000000000000000083e-02    2.235276970841029609e+00
4.499999999999999833e-02    2.233124686768074962e+00
5.000000000000000278e-02    2.230539657951327914e+00
5.500000000000000028e-02    2.227550817224313029e+00
5.999999999999999778e-02    2.224185122975071760e+00
6.500000000000000222e-02    2.220467617698940188e+00
7.000000000000000666e-02    2.216421486551325426e+00
7.499999999999999722e-02    2.212068115900483800e+00
8.000000000000000167e-02    2.207427151880300364e+00
8.500000000000000611e-02    2.202516558943059977e+00
8.999999999999999667e-02    2.197352678412226368e+00
9.500000000000000111e-02    2.191950287035223877e+00
1.000000000000000056e-01    2.186322655536206305e+00
1.049999999999999961e-01    2.180481607168841762e+00
1.100000000000000006e-01    2.174437576269085515e+00
1.150000000000000050e-01    2.168199666807953285e+00
1.199999999999999956e-01    2.161775710944308759e+00
1.250000000000000000e-01    2.155172327577630220e+00
1.300000000000000044e-01    2.148394980900792284e+00
1.350000000000000089e-01    2.141448038952840971e+00
1.400000000000000133e-01    2.134334832171775442e+00
1.449999999999999900e-01    2.127057711947315077e+00
1.499999999999999944e-01    2.119618109173689646e+00
1.549999999999999989e-01    2.112016592802404169e+00
1.600000000000000033e-01    2.104252928395023758e+00
1.650000000000000078e-01    2.096326136675945584e+00
1.700000000000000122e-01    2.088234552085180606e+00
1.749999999999999889e-01    2.079975881331125098e+00
1.799999999999999933e-01    2.071547261943342821e+00
1.849999999999999978e-01    2.062945320825338769e+00
1.900000000000000022e-01    2.054166232807338677e+00
1.950000000000000067e-01    2.045205779199060103e+00
2.000000000000000111e-01    2.036059406342497713e+00
2.049999999999999878e-01    2.026722284164695687e+00
2.099999999999999922e-01    2.017189364730522794e+00
2.149999999999999967e-01    2.007455440795454127e+00
2.200000000000000011e-01    1.997515204358345287e+00
2.250000000000000056e-01    1.987363305214207454e+00
2.300000000000000100e-01    1.976994409506990236e+00
2.349999999999999867e-01    1.966403258282352073e+00
2.399999999999999911e-01    1.955584726040441534e+00
2.449999999999999956e-01    1.944533879288672606e+00
2.500000000000000000e-01    1.933246035094503101e+00
2.550000000000000044e-01    1.921716819638208396e+00
2.600000000000000089e-01    1.909942226765660722e+00
2.650000000000000133e-01    1.897918676541107574e+00
2.700000000000000178e-01    1.885643073799946556e+00
2.750000000000000222e-01    1.873112866701500678e+00
2.800000000000000266e-01    1.860326105281800979e+00
2.849999999999999756e-01    1.847281500006355826e+00
2.899999999999999800e-01    1.833978480322935534e+00
2.949999999999999845e-01    1.820417253214343889e+00
2.999999999999999889e-01    1.806598861751196550e+00
3.049999999999999933e-01    1.792525242848198364e+00
3.099999999999999978e-01    1.778199264311317362e+00
3.150000000000000022e-01    1.763624709315745775e+00
3.200000000000000067e-01    1.748806240174756610e+00
3.250000000000000111e-01    1.733749361312061588e+00
3.300000000000000155e-01    1.718460382234169304e+00
3.350000000000000200e-01    1.702946380502742718e+00
3.400000000000000244e-01    1.687215164706957093e+00
3.449999999999999734e-01    1.671275237435857930e+00
3.499999999999999778e-01    1.655135758250716904e+00
3.549999999999999822e-01    1.638806506657392470e+00
3.599999999999999867e-01    1.622297845078683354e+00
3.649999999999999911e-01    1.605620681826691376e+00
3.699999999999999956e-01    1.588786434075173393e+00
3.750000000000000000e-01    1.571806990831904116e+00
3.800000000000000044e-01    1.554694675911030943e+00
3.850000000000000089e-01    1.537462210905431670e+00
3.900000000000000133e-01    1.520122678159071761e+00
3.950000000000000178e-01    1.502689483739364951e+00
4.000000000000000222e-01    1.485176320409527850e+00
4.050000000000000266e-01    1.467597130600937660e+00
4.099999999999999756e-01    1.449966069385491885e+00
4.149999999999999800e-01    1.432297467447964046e+00
4.199999999999999845e-01    1.414605794058362065e+00
4.249999999999999889e-01    1.396905620044285756e+00
4.299999999999999933e-01    1.379211580763285649e+00
4.349999999999999978e-01    1.361538339075217374e+00
4.400000000000000022e-01    1.343900548314603816e+00
4.450000000000000067e-01    1.326312815262988831e+00
4.500000000000000111e-01    1.308789663121297853e+00
4.550000000000000155e-01    1.291345494482191825e+00
4.600000000000000200e-01    1.273994554302430693e+00
4.650000000000000244e-01    1.256750892875223125e+00
4.699999999999999734e-01    1.239628328802593771e+00
4.749999999999999778e-01    1.222640411967730767e+00
4.799999999999999822e-01    1.205800386507351218e+00
4.849999999999999867e-01    1.189121153784054474e+00
4.899999999999999911e-01    1.172615235358682950e+00
4.949999999999999956e-01    1.156294735962675624e+00
5.000000000000000000e-01    1.140171306470430412e+00
5.050000000000000044e-01    1.124256106871657890e+00
5.100000000000000089e-01    1.108559769243741000e+00
5.150000000000000133e-01    1.093092360724092993e+00
5.200000000000000178e-01    1.077863346482512918e+00
5.250000000000000222e-01    1.062881552693545784e+00
5.300000000000000266e-01    1.048155129508838490e+00
5.350000000000000311e-01    1.033691514029497549e+00
5.400000000000000355e-01    1.019497393278448572e+00
5.450000000000000400e-01    1.005578667629311918e+00
5.500000000000000444e-01    9.919404261048245797e-01
5.550000000000000488e-01    9.785869518056284910e-01
5.600000000000000533e-01    9.655217392086040684e-01
5.649999999999999467e-01    9.527475119217223565e-01
5.699999999999999512e-01    9.402662404388963946e-01
5.749999999999999556e-01    9.280791598948354704e-01
5.799999999999999600e-01    9.161867878198959314e-01
5.849999999999999645e-01    9.045889418949352168e-01
5.899999999999999689e-01    8.932847577061627797e-01
5.949999999999999734e-01    8.822727064999937863e-01
5.999999999999999778e-01    8.715506129379001488e-01
6.049999999999999822e-01    8.611156728512646685e-01
6.099999999999999867e-01    8.509644709962325138e-01
6.149999999999999911e-01    8.410929988085632525e-01
6.199999999999999956e-01    8.314966721584849951e-01
6.250000000000000000e-01    8.221703491055449842e-01
6.300000000000000044e-01    8.131083476534627374e-01
6.350000000000000089e-01    8.043044635049831914e-01
6.400000000000000133e-01    7.957519878167282901e-01
6.450000000000000178e-01    7.874437249540495731e-01
6.500000000000000222e-01    7.793720102458810972e-01
6.550000000000000266e-01    7.715287277395914689e-01
6.600000000000000311e-01    7.639053279558363219e-01
6.650000000000000355e-01    7.564928456434113491e-01
6.700000000000000400e-01    7.492819175341031146e-01
6.750000000000000444e-01    7.422628000975441953e-01
6.800000000000000488e-01    7.354253872960634375e-01
6.850000000000000533e-01    7.287592283395392112e-01
6.899999999999999467e-01    7.222535454402513322e-01
6.949999999999999512e-01    7.158972515677347603e-01
6.999999999999999556e-01    7.096789682036307445e-01
7.049999999999999600e-01    7.035870430965397437e-01
7.099999999999999645e-01    6.976095680168745705e-01
7.149999999999999689e-01    6.917343965117113136e-01
7.199999999999999734e-01    6.859491616596438135e-01
7.249999999999999778e-01    6.802412938256342523e-01
7.299999999999999822e-01    6.745980384158664078e-01
7.349999999999999867e-01    6.690064736325983530e-01
7.399999999999999911e-01    6.634535282290142666e-01
7.449999999999999956e-01    6.579259992640781318e-01
7.500000000000000000e-01    6.524105698573845480e-01
7.550000000000000044e-01    6.468938269440119848e-01
7.600000000000000089e-01    6.413622790293760367e-01
7.650000000000000133e-01    6.358023744079623896e-01
7.700000000000000178e-01    6.302005314430038085e-01
7.750000000000000222e-01    6.245431994623875660e-01
7.800000000000000266e-01    6.188169317155056692e-01
7.850000000000000311e-01    6.130084587939844676e-01
7.900000000000000355e-01    6.071047620524184785e-01
7.950000000000000400e-01    6.010931470290993284e-01
8.000000000000000444e-01    5.949613168667490237e-01
8.050000000000000488e-01    5.886974457332504462e-01
8.100000000000000533e-01    5.822902522423781813e-01
8.149999999999999467e-01    5.757290728745321218e-01
8.199999999999999512e-01    5.690039353974660763e-01
8.249999999999999556e-01    5.621056322870211508e-01
8.299999999999999600e-01    5.550257941478565771e-01
8.349999999999999645e-01    5.477569631341804302e-01
8.399999999999999689e-01    5.402926663704823440e-01
8.449999999999999734e-01    5.326274893722635628e-01
8.499999999999999778e-01    5.247571494667695458e-01
8.549999999999999822e-01    5.166785692137201291e-01
8.599999999999999867e-01    5.083899498260422423e-01
8.649999999999999911e-01    4.998908445906004028e-01
8.699999999999999956e-01    4.911822322889279890e-01
8.750000000000000000e-01    4.822665906179595674e-01
8.800000000000000044e-01    4.731479696107614985e-01
8.850000000000000089e-01    4.638320650572633208e-01
8.900000000000000133e-01    4.543262919249900778e-01
8.950000000000000178e-01    4.446398577797921470e-01
9.000000000000000222e-01    4.347838362065784557e-01
9.050000000000000266e-01    4.247712402300459766e-01
9.100000000000000311e-01    4.146170957354134434e-01
9.150000000000000355e-01    4.043385148891495695e-01
9.200000000000000400e-01    3.939547695597080401e-01
9.250000000000000444e-01    3.834873647382562867e-01
9.300000000000000488e-01    3.729601119594076475e-01
9.350000000000000533e-01    3.623992027219534728e-01
9.399999999999999467e-01    3.518332819095936204e-01
9.449999999999999512e-01    3.412935212116677830e-01
9.499999999999999556e-01    3.308136925438878717e-01
9.549999999999999600e-01    3.204302414690683998e-01
9.599999999999999645e-01    3.101823606178587545e-01
9.649999999999999689e-01    3.001120631094734148e-01
9.699999999999999734e-01    2.902642559724247784e-01
9.749999999999999778e-01    2.806868135652535456e-01
9.799999999999999822e-01    2.714306509972604364e-01
9.849999999999999867e-01    2.625497975492374625e-01
9.899999999999999911e-01    2.541014700941996995e-01
9.949999999999999956e-01    2.461461465181161157e-01
1.000000000000000000e+00    2.387476391406417042e-01
