0.000	 0.5371392423181668
0.005	 0.5384404366614793
0.01000	 0.5396409619249429
0.01500	 0.5407428650490074
0.02000	 0.5417488406004288
0.02500	 0.5426625366006209
0.03000	 0.5434854221976425
0.03500	 0.544221278714048
0.04000	 0.5448727401331262
0.04500	 0.5454427522481121
0.05000	 0.5459341467602477
0.05500	 0.5463501318859362
0.06000	 0.5466934996965884
0.06500	 0.5469681074813226
0.07000	 0.5471760786819094
0.07500	 0.5473211431083323
0.08000	 0.5474061712113021
0.08500	 0.5474335664629923
0.09000	 0.5474074316166146
0.09500	 0.5473305650682232
0.1000	 0.5472056288776673
0.1050	 0.5470358297971649
0.1100	 0.5468239058921843
0.1150	 0.5465730814117827
0.1200	 0.5462859961327713
0.1250	 0.5459656267151621
0.1300	 0.5456148887080747
0.1350	 0.5452364622484251
0.1400	 0.5448326557326765
0.1450	 0.5444059543313539
0.1500	 0.5439600862587681
0.1550	 0.543496786582496
0.1600	 0.5430187575323143
0.1650	 0.5425275173144161
0.1700	 0.5420266026382573
0.1750	 0.5415173555619974
0.1800	 0.5410025303251424
0.1850	 0.540484548767848
0.1900	 0.5399647981227237
0.1950	 0.5394449039661188
0.2000	 0.5389271145632371
0.2050	 0.5384142055744393
0.2100	 0.5379064800878706
0.2150	 0.5374068508117904
0.2200	 0.53691625395207
0.2250	 0.5364362845618645
0.2300	 0.5359687397146625
0.2350	 0.5355143712537458
0.2400	 0.5350749023079142
0.2450	 0.5346513740195335
0.2500	 0.5342450450886864
0.2550	 0.5338570496411498
0.2600	 0.5334885480522942
0.2650	 0.5331400561158545
0.2700	 0.5328135085153802
0.2750	 0.5325082135083203
0.2800	 0.5322256315301286
0.2850	 0.5319669488693058
0.2900	 0.5317316667974271
0.2950	 0.5315212115224294
0.3000	 0.5313357007710587
0.3050	 0.5311757319114087
0.3100	 0.5310412945788348
0.3150	 0.5309322754076866
0.3200	 0.5308499014748918
0.3250	 0.530793569840504
0.3300	 0.5307632451840318
0.3350	 0.5307600536238124
0.3400	 0.5307824948997334
0.3450	 0.5308315296074788
0.3500	 0.5309061572578014
0.3550	 0.5310070337977077
0.3600	 0.531133214159604
0.3650	 0.531283874277736
0.3700	 0.5314600133876247
0.3750	 0.5316604260406638
0.3800	 0.5318842117727845
0.3850	 0.5321312819247569
0.3900	 0.5324012247287372
0.3950	 0.532693264314515
0.4000	 0.5330059025461738
0.4050	 0.5333390951514145
0.4100	 0.5336916707294354
0.4150	 0.5340635957869058
0.4200	 0.5344528869879741
0.4250	 0.5348599380594422
0.4300	 0.5352813513591562
0.4350	 0.5357192756760531
0.4400	 0.5361701208667383
0.4450	 0.5366339019671758
0.4500	 0.5371097389303754
0.4550	 0.5375947669361068
0.4600	 0.5380897913810733
0.4650	 0.5385921538660922
0.4700	 0.5391005314497307
0.4750	 0.5396148074886952
0.4800	 0.5401331231056889
0.4850	 0.5406544956732017
0.4900	 0.5411762320962465
0.4950	 0.5416972872682011
0.5000	 0.5422186137504157
0.5050	 0.54273565348443
0.5100	 0.5432474537811116
0.5150	 0.5437540519488394
0.5200	 0.5442524473977782
0.5250	 0.544742290136759
0.5300	 0.5452208885055197
0.5350	 0.5456873671442137
0.5400	 0.5461408925673749
0.5450	 0.5465787078333586
0.5500	 0.5470007986867893
0.5550	 0.5474034503546793
0.5600	 0.547786474291943
0.5650	 0.5481488774536531
0.5700	 0.5484878823792457
0.5750	 0.5488019280414054
0.5800	 0.5490931590588788
0.5850	 0.5493548779303178
0.5900	 0.5495890744923003
0.5950	 0.5497942663978206
0.6000	 0.5499675525416968
0.6050	 0.5501074861379003
0.6100	 0.5502140290745086
0.6150	 0.5502864184258519
0.6200	 0.550321274911789
0.6250	 0.5503193715582739
0.6300	 0.5502776593605871
0.6350	 0.5501966046064657
0.6400	 0.5500751225674196
0.6450	 0.5499133867954739
0.6500	 0.5497068834040277
0.6550	 0.5494580640035223
0.6600	 0.5491634089840834
0.6650	 0.5488256951109013
0.6700	 0.5484392403364672
0.6750	 0.5480060443724287
0.6800	 0.5475224183500434
0.6850	 0.5469868691392237
0.6900	 0.5463905469842911
0.6950	 0.5457301482243826
0.7000	 0.5449943651920617
0.7050	 0.5441741689477996
0.7100	 0.5432635217493832
0.7150	 0.5422460238676258
0.7200	 0.5411117239473184
0.7250	 0.5398393930661122
0.7300	 0.5384107960994686
0.7350	 0.5367944877293845
0.7400	 0.5349787416166743
0.7450	 0.5329419704388854
0.7500	 0.5306604589175702
0.7550	 0.5281169606597036
0.7600	 0.5252928987940383
0.7650	 0.5221690442336723
0.7700	 0.5187062225245032
0.7750	 0.5148959064972917
0.7800	 0.51072408524392193
0.7850	 0.5061735944080912
0.7900	 0.50123972248038933
0.7950	 0.49592377587876234
0.8000	 0.49023349943847273
0.8050	 0.4841860703229994
0.8100	 0.47780011143065246
0.8150	 0.47113503533516473
0.8200	 0.4642270551698835
0.8250	 0.45712539291224033
0.8300	 0.4498776536231831
0.8350	 0.44252983968413986
0.8400	 0.4351363698658473
0.8450	 0.4277374274220136
0.8500	 0.4203929731483318
0.8550	 0.4131447524833452
0.8600	 0.40603497146222435
0.8650	 0.39909793076265686
0.8700	 0.39236365089569006
0.8750	 0.3858647120965802
0.8800	 0.3796115140927989
0.8850	 0.37359682395631825
0.8900	 0.36781181008030836
0.8950	 0.36223718578176556
0.9000	 0.356843704044569
0.9050	 0.3515903371652706
0.9100	 0.3464268853255394
0.9150	 0.34129556517450715
0.9200	 0.33610585164827455
0.9250	 0.3308165472963865
0.9300	 0.3253389554100077
0.9350	 0.31956587243517623
0.9400	 0.31337733170862396
0.9450	 0.30664343362492434
0.9500	 0.2992471190997059
0.9550	 0.29107279109407176
0.9600	 0.2821025527943574
0.9650	 0.2723821591470457
0.9700	 0.2620254707293019
0.9750	 0.2512300536272905
0.9800	 0.24026180597148155
0.9850	 0.22943518691382604
0.9900	 0.21907138921606824
0.9950	 0.20947856059250344
1.000	 0.20084883774779323
