0.000	 3.539924781583646e+17
0.005	 3.5398467775493824e+17
0.01000	 3.539612756960265e+17
0.01500	 3.539222722563234e+17
0.02000	 3.5386766977444774e+17
0.02500	 3.5379747265306323e+17
0.03000	 3.53711687358503e+17
0.03500	 3.5361032241999654e+17
0.04000	 3.53493388428375e+17
0.04500	 3.5336089803438445e+17
0.05000	 3.53212865946496e+17
0.05500	 3.530493089282987e+17
0.06000	 3.5287024579540685e+17
0.06500	 3.526756974119381e+17
0.07000	 3.5246568668652736e+17
0.07500	 3.522402385678903e+17
0.08000	 3.5199938003994214e+17
0.08500	 3.5174314011647174e+17
0.09000	 3.5147154983535034e+17
0.09500	 3.5118464225231616e+17
0.1000	 3.508824524342999e+17
0.1050	 3.505650174523207e+17
0.1100	 3.5023237637392723e+17
0.1150	 3.498845702552306e+17
0.1200	 3.4952164213244954e+17
0.1250	 3.491436370130804e+17
0.1300	 3.487506018666018e+17
0.1350	 3.483425856147609e+17
0.1400	 3.479196391214341e+17
0.1450	 3.4748181518205997e+17
0.1500	 3.470291685126709e+17
0.1550	 3.4656175573849126e+17
0.1600	 3.46079635382132e+17
0.1650	 3.4558286785135936e+17
0.1700	 3.450715154264974e+17
0.1750	 3.445456422473784e+17
0.1800	 3.4400531429993715e+17
0.1850	 3.4345059940238925e+17
0.1900	 3.428815671910246e+17
0.1950	 3.42298289105613e+17
0.2000	 3.417008383744331e+17
0.2050	 3.410892899989278e+17
0.2100	 3.4046372073796704e+17
0.2150	 3.3982420909177626e+17
0.2200	 3.391708352854575e+17
0.2250	 3.385036812522013e+17
0.2300	 3.3782283061610464e+17
0.2350	 3.3712836867467034e+17
0.2400	 3.364203823809214e+17
0.2450	 3.3569896032525037e+17
0.2500	 3.349641927168491e+17
0.2550	 3.3421617136487334e+17
0.2600	 3.334549896592653e+17
0.2650	 3.3268074255125786e+17
0.2700	 3.318935265335689e+17
0.2750	 3.310934396203012e+17
0.2800	 3.3028058132652224e+17
0.2850	 3.294550526475793e+17
0.2900	 3.286169560381074e+17
0.2950	 3.277663953907663e+17
0.3000	 3.269034760146835e+17
0.3050	 3.260283046136754e+17
0.3100	 3.25140989264158e+17
0.3150	 3.2424163939281376e+17
0.3200	 3.233303657540356e+17
0.3250	 3.224072804071053e+17
0.3300	 3.214724966931333e+17
0.3350	 3.205261292117856e+17
0.3400	 3.195682937977724e+17
0.3450	 3.185991074971426e+17
0.3500	 3.1761868854334554e+17
0.3550	 3.1662715633309946e+17
0.3600	 3.1562463140208045e+17
0.3650	 3.146112354003999e+17
0.3700	 3.1358709106790906e+17
0.3750	 3.125523222093457e+17
0.3800	 3.115070536692874e+17
0.3850	 3.1045141130696365e+17
0.3900	 3.093855219709157e+17
0.3950	 3.083095134734952e+17
0.4000	 3.072235145652428e+17
0.4050	 3.06127654909121e+17
0.4100	 3.050220650546453e+17
0.4150	 3.039068764118644e+17
0.4200	 3.027822212252683e+17
0.4250	 3.016482325475602e+17
0.4300	 3.005050442133755e+17
0.4350	 2.993527908128597e+17
0.4400	 2.981916076652199e+17
0.4450	 2.9702163079216755e+17
0.4500	 2.9584299689130496e+17
0.4550	 2.946558433094691e+17
0.4600	 2.9346030801600454e+17
0.4650	 2.9225652957598874e+17
0.4700	 2.9104464712346195e+17
0.4750	 2.8982480033457005e+17
0.4800	 2.885971294007395e+17
0.4850	 2.8736177500178426e+17
0.4900	 2.861188782790634e+17
0.4950	 2.848685808086003e+17
0.5000	 2.8361102457421376e+17
0.5050	 2.8234635194066147e+17
0.5100	 2.810747056268371e+17
0.5150	 2.7979622867894237e+17
0.5200	 2.785110644437458e+17
0.5250	 2.772193565418421e+17
0.5300	 2.7592124884099568e+17
0.5350	 2.7461688542951056e+17
0.5400	 2.7330641058969088e+17
0.5450	 2.7198996877134864e+17
0.5500	 2.706677045654042e+17
0.5550	 2.6933976267756083e+17
0.5600	 2.6800628790208768e+17
0.5650	 2.6666742509565248e+17
0.5700	 2.653233191513394e+17
0.5750	 2.6397411497268195e+17
0.5800	 2.6261995744789744e+17
0.5850	 2.612609914241849e+17
0.5900	 2.5989736168219488e+17
0.5950	 2.5852921291059782e+17
0.6000	 2.5715668968083795e+17
0.6050	 2.557799364219938e+17
0.6100	 2.543990973958296e+17
0.6150	 2.5301431667199478e+17
0.6200	 2.5162573810338973e+17
0.6250	 2.502335053017039e+17
0.6300	 2.4883776161316426e+17
0.6350	 2.4743865009443546e+17
0.6400	 2.4603631348873322e+17
0.6450	 2.446308942021264e+17
0.6500	 2.4322253428006016e+17
0.6550	 2.4181137538407574e+17
0.6600	 2.403975587687213e+17
0.6650	 2.3898122525870762e+17
0.6700	 2.3756251522622944e+17
0.6750	 2.3614156856848976e+17
0.6800	 2.3471852468538317e+17
0.6850	 2.332935224573208e+17
0.6900	 2.318667002231129e+17
0.6950	 2.304381957578553e+17
0.7000	 2.2900814625068163e+17
0.7050	 2.2757668828219862e+17
0.7100	 2.261439578013522e+17
0.7150	 2.2471009010137098e+17
0.7200	 2.2327521979421453e+17
0.7250	 2.218394807828756e+17
0.7300	 2.2040300623037933e+17
0.7350	 2.1896592852413507e+17
0.7400	 2.175283792335661e+17
0.7450	 2.160904890581594e+17
0.7500	 2.146523877621095e+17
0.7550	 2.1321420409006896e+17
0.7600	 2.1177606565654218e+17
0.7650	 2.1033809879864022e+17
0.7700	 2.0890042837799997e+17
0.7750	 2.0746317751235312e+17
0.7800	 2.0602646721007818e+17
0.7850	 2.0459041587114186e+17
0.7900	 2.031551386043341e+17
0.7950	 2.0172074629247018e+17
0.8000	 2.002873443122845e+17
0.8050	 1.988550307818817e+17
0.8100	 1.9742389416265386e+17
0.8150	 1.9599400998031306e+17
0.8200	 1.945654363452371e+17
0.8250	 1.931382078380991e+17
0.8300	 1.9171232717231738e+17
0.8350	 1.9028775383635286e+17
0.8400	 1.8886438863767405e+17
0.8450	 1.874420526916722e+17
0.8500	 1.8602045889027037e+17
0.8550	 1.845991732032121e+17
0.8600	 1.8317756225429456e+17
0.8650	 1.817547224026743e+17
0.8700	 1.8032938395527846e+17
0.8750	 1.7889978202851264e+17
0.8800	 1.774634828363163e+17
0.8850	 1.760171506664289e+17
0.8900	 1.745562363928097e+17
0.8950	 1.7307456300016986e+17
0.9000	 1.7156377738089453e+17
0.9050	 1.7001263109071686e+17
0.9100	 1.6840604703229494e+17
0.9150	 1.6672392673251283e+17
0.9200	 1.6493965888379376e+17
0.9250	 1.630183128561241e+17
0.9300	 1.6091455547631744e+17
0.9350	 1.5857043777013117e+17
0.9400	 1.5591339072818e+17
0.9450	 1.5285507766677843e+17
0.9500	 1.4929218922548784e+17
0.9550	 1.4511078347713e+17
0.9600	 1.4019616682479578e+17
0.9650	 1.3445013344022805e+17
0.9700	 1.278159314628482e+17
0.9750	 1.2030796431779853e+17
0.9800	 1.1203824588490386e+17
0.9850	 1.0322732218835016e+17
0.9900	 9.418805800076586e+16
0.9950	 8.527966820558168e+16
1.000	 7.684400515664371e+16
