0.000	 81757.91919883448
0.005	 81243.671643851
0.01000	 80729.42408886754
0.01500	 80215.17653388406
0.02000	 79700.9289789006
0.02500	 79186.68142391712
0.03000	 78672.43386893366
0.03500	 78158.18631395018
0.04000	 77643.93875896672
0.04500	 77129.69120398324
0.05000	 76615.44364899978
0.05500	 76101.1960940163
0.06000	 75586.94853903282
0.06500	 75072.70098404937
0.07000	 74558.45342906588
0.07500	 74044.20587408243
0.08000	 73529.95831909895
0.08500	 73015.71076411547
0.09000	 72501.46320913201
0.09500	 71987.21565414853
0.1000	 71472.96809916507
0.1050	 70958.72054418159
0.1100	 70444.47298919813
0.1150	 69930.22543421465
0.1200	 69415.97787923118
0.1250	 68901.7303242477
0.1300	 68387.48276926424
0.1350	 67873.23521428076
0.1400	 67358.98765929729
0.1450	 66844.74010431382
0.1500	 66330.49254933035
0.1550	 65816.24499434688
0.1600	 65301.99743936341
0.1650	 64787.74988437995
0.1700	 64273.50232939647
0.1750	 63759.254774413
0.1800	 63245.00721942954
0.1850	 62730.75966444606
0.1900	 62216.5121094626
0.1950	 61702.264554479116
0.2000	 61188.01699949565
0.2050	 60673.769444512174
0.2100	 60159.52188952871
0.2150	 59645.27433454524
0.2200	 59131.02677956177
0.2250	 58616.7792245783
0.2300	 58102.53166959483
0.2350	 57588.28411461136
0.2400	 57074.036559627886
0.2450	 56559.789004644415
0.2500	 56045.54144966094
0.2550	 55531.29389467747
0.2600	 55017.046339693996
0.2650	 54502.798784710525
0.2700	 53988.551229727054
0.2750	 53474.30367474358
0.2800	 52960.05611976011
0.2850	 52445.80856477664
0.2900	 51931.56100979317
0.2950	 51417.31345480971
0.3000	 50903.06589982623
0.3050	 50388.81834484276
0.3100	 49874.57078985929
0.3150	 49360.32323487582
0.3200	 48846.07567989235
0.3250	 48331.828124908876
0.3300	 47817.580569925405
0.3350	 47303.333014941934
0.3400	 46789.08545995846
0.3450	 46274.83790497499
0.3500	 45760.590349991515
0.3550	 45246.34279500805
0.3600	 44732.09524002458
0.3650	 44217.84768504111
0.3700	 43703.60013005764
0.3750	 43189.35257507417
0.3800	 42675.1050200907
0.3850	 42160.85746510723
0.3900	 41646.60991012375
0.3950	 41132.36235514028
0.4000	 40618.11480015681
0.4050	 40103.86724517334
0.4100	 39589.619690189866
0.4150	 39075.372135206395
0.4200	 38561.12458022293
0.4250	 38046.87702523946
0.4300	 37532.62947025599
0.4350	 37018.38191527251
0.4400	 36504.13436028904
0.4450	 35989.88680530557
0.4500	 35475.6392503221
0.4550	 34961.39169533863
0.4600	 34447.14414035516
0.4650	 33932.89658537169
0.4700	 33418.64903038822
0.4750	 32904.401475404746
0.4800	 32390.15392042127
0.4850	 31875.906365437804
0.4900	 31361.65881045433
0.4950	 30847.41125547086
0.5000	 30333.16370048739
0.5050	 29818.916145503918
0.5100	 29304.668590520447
0.5150	 28790.421035536972
0.5200	 28276.1734805535
0.5250	 27761.92592557003
0.5300	 27247.67837058656
0.5350	 26733.43081560309
0.5400	 26219.18326061962
0.5450	 25704.935705636144
0.5500	 25190.688150652673
0.5550	 24676.440595669203
0.5600	 24162.193040685732
0.5650	 23647.94548570226
0.5700	 23133.697930718787
0.5750	 22619.450375735316
0.5800	 22105.202820751856
0.5850	 21590.955265768385
0.5900	 21076.707710784915
0.5950	 20562.460155801444
0.6000	 20048.21260081797
0.6050	 19533.9650458345
0.6100	 19019.717490851028
0.6150	 18505.469935867557
0.6200	 17991.222380884086
0.6250	 17476.974825900612
0.6300	 16962.72727091714
0.6350	 16448.47971593367
0.6400	 15934.232160950201
0.6450	 15419.98460596673
0.6500	 14905.737050983258
0.6550	 14391.489495999787
0.6600	 13877.241941016315
0.6650	 13362.994386032844
0.6700	 12848.746831049373
0.6750	 12334.4992760659
0.6800	 11820.25172108243
0.6850	 11306.00416609896
0.6900	 10791.756611115487
0.6950	 10277.509056132016
0.7000	 9763.261501148543
0.7050	 9249.013946165083
0.7100	 8734.766391181613
0.7150	 8220.518836198142
0.7200	 7706.271281214669
0.7250	 7192.023726231198
0.7300	 6677.776171247726
0.7350	 6163.528616264255
0.7400	 5649.2810612807825
0.7450	 5135.033506297312
0.7500	 4620.785951313841
0.7550	 4106.538396330368
0.7600	 3592.290841346897
0.7650	 3078.043286363426
0.7700	 2563.7957313799548
0.7750	 2049.5481763964835
0.7800	 1535.3006214130119
0.7850	 1021.0530664295404
0.7900	 506.805511446069
0.7950	 -7.442043537402469
0.8000	 -521.6895985208739
0.8050	 -1035.9371535043454
0.8100	 -1550.1847084878168
0.8150	 -2064.432263471288
0.8200	 -2563.4848390029724
0.8250	 -3034.12934730111
0.8300	 -3504.7738555992482
0.8350	 -3975.4183638973755
0.8400	 -3962.954384995983
0.8450	 -3715.1530355151076
0.8500	 -3467.351686034232
0.8550	 -3219.5503365533564
0.8600	 -2761.9224708614106
0.8650	 -2302.770824387236
0.8700	 -1843.6191779130618
0.8750	 -1493.5342290740114
0.8800	 -1519.23500000869
0.8850	 -1544.9357709433684
0.8900	 -1570.636541878047
0.8950	 -1742.946478105505
0.9000	 -2075.148900970091
0.9050	 -2407.3513238346764
0.9100	 -2739.553746699262
0.9150	 -2980.2362378976436
0.9200	 -3056.678097255169
0.9250	 -3133.1199566126943
0.9300	 -3209.5618159702194
0.9350	 -3329.737444540454
0.9400	 -3491.565329145985
0.9450	 -3653.3932137515158
0.9500	 -3815.2210983570467
0.9550	 -3977.0489829625776
0.9600	 -4083.1583850989223
0.9650	 -4168.774548140568
0.9700	 -4254.390711182215
0.9750	 -4340.006874223861
0.9800	 -4423.210289726791
0.9850	 -4275.15921182584
0.9900	 -4127.10813392489
0.9950	 -3979.0570560239394
1.000	 -3831.0059781229884
