0.000	 0.49999514739815083
0.005	 0.5022590479086814
0.01000	 0.50435321872211534
0.01500	 0.50628071306273387
0.02000	 0.5080448097847824
0.02500	 0.5096490594450696
0.03000	 0.51109729607262204
0.03500	 0.5123935220093938
0.04000	 0.5135419624127061
0.04500	 0.5145469795166492
0.05000	 0.515413251505637
0.05500	 0.5161453802156171
0.06000	 0.5167483258542085
0.06500	 0.5172269717311648
0.07000	 0.5175864388221448
0.07500	 0.5178318325090719
0.08000	 0.5179683940185199
0.08500	 0.5180013163509859
0.09000	 0.5179358900664266
0.09500	 0.5177773816560945
0.1000	 0.5175311290931073
0.1050	 0.5172024062111662
0.1100	 0.5167963976513253
0.1150	 0.5163183875728256
0.1200	 0.5157735424398145
0.1250	 0.515166920217061
0.1300	 0.5145036120314763
0.1350	 0.5137885170028158
0.1400	 0.5130265270628546
0.1450	 0.5122224467256685
0.1500	 0.51138093867755646
0.1550	 0.5105065186347727
0.1600	 0.50960372552084914
0.1650	 0.50867686931850284
0.1700	 0.50773014566327765
0.1750	 0.5067676373170911
0.1800	 0.50579333382835296
0.1850	 0.50481101596274584
0.1900	 0.5038244035868542
0.1950	 0.5028370256006475
0.2000	 0.50185234070605486
0.2050	 0.5008735664482902
0.2100	 0.49990389271428444
0.2150	 0.49894624714289426
0.2200	 0.4980035365462391
0.2250	 0.49707850998130687
0.2300	 0.49617361980159296
0.2350	 0.4952913769740536
0.2400	 0.4944340694292616
0.2450	 0.4936039060239349
0.2500	 0.4928028454751667
0.2550	 0.4920327682401797
0.2600	 0.49129556098602666
0.2650	 0.49059266598373495
0.2700	 0.48992567261556775
0.2750	 0.48929599404677816
0.2800	 0.4887047923282957
0.2850	 0.4881533515393991
0.2900	 0.4876425255892011
0.2950	 0.4871731620657571
0.3000	 0.48674625144738076
0.3050	 0.4863622066401475
0.3100	 0.48602173951260744
0.3150	 0.4857252729397892
0.3200	 0.48547300665038
0.3250	 0.4852651983922879
0.3300	 0.4851020412567544
0.3350	 0.4849834648725686
0.3400	 0.4849094243165309
0.3450	 0.4848796744883092
0.3500	 0.48489397558598375
0.3550	 0.484951910833259
0.3600	 0.48505300891053906
0.3650	 0.48519669223110003
0.3700	 0.48538225999155424
0.3750	 0.4856090587105941
0.3800	 0.4858761159128463
0.3850	 0.4861826005321625
0.3900	 0.48652750178705526
0.3950	 0.48690964105886025
0.4000	 0.48732793257672313
0.4050	 0.48778111388887527
0.4100	 0.4882678439420636
0.4150	 0.48878667200313276
0.4200	 0.4893361775673344
0.4250	 0.4899148485270758
0.4300	 0.4905209245556544
0.4350	 0.49115289402078906
0.4400	 0.4918089395099158
0.4450	 0.4924872481160105
0.4500	 0.49318597731522783
0.4550	 0.4939031353585639
0.4600	 0.49463678575172366
0.4650	 0.4953848700520794
0.4700	 0.4961454413509245
0.4750	 0.49691620589285037
0.4800	 0.4976950490864363
0.4850	 0.4984797783005558
0.4900	 0.49926822160641495
0.4950	 0.5000579201306907
0.5000	 0.5008467608235456
0.5050	 0.5016323437050044
0.5100	 0.50241222844617175
0.5150	 0.5031841481209916
0.5200	 0.5039457622725152
0.5250	 0.50469459422188083
0.5300	 0.5054282855976043
0.5350	 0.5061444222256612
0.5400	 0.5068407460802927
0.5450	 0.507514680371916
0.5500	 0.50816402031295615
0.5550	 0.5087864182819043
0.5600	 0.50937946355348015
0.5650	 0.5099409212941511
0.5700	 0.5104686649144341
0.5750	 0.51096027125738317
0.5800	 0.5114137202461308
0.5850	 0.51182681608438
0.5900	 0.512197567456587
0.5950	 0.5125239625692777
0.6000	 0.5128039580930356
0.6050	 0.5130358198534637
0.6100	 0.5132177342518797
0.6150	 0.5133479361253924
0.6200	 0.513424784387929
0.6250	 0.5134467944509286
0.6300	 0.5134124567005449
0.6350	 0.513320374751851
0.6400	 0.5131693681780956
0.6450	 0.512958200721562
0.6500	 0.5126857542869093
0.6550	 0.5123512675316832
0.6600	 0.51195362349171506
0.6650	 0.51149225676752764
0.6700	 0.5109666197522886
0.6750	 0.5103759635755877
0.6800	 0.50971998392390196
0.6850	 0.508997946204571
0.6900	 0.50820795449191274
0.6950	 0.50734392430419416
0.7000	 0.50639504496125494
0.7050	 0.50535008861765516
0.7100	 0.5041947550105819
0.7150	 0.5029117409165082
0.7200	 0.501479526917569
0.7250	 0.499871794715408
0.7300	 0.49805331663321294
0.7350	 0.49597169939855985
0.7400	 0.4936051438776882
0.7450	 0.49091560554508885
0.7500	 0.487864977125594
0.7550	 0.48441758640933864
0.7600	 0.48054142395651496
0.7650	 0.476208592984915
0.7700	 0.4713628608468285
0.7750	 0.4660209509718034
0.7800	 0.46020057910944996
0.7850	 0.4539236603177459
0.7900	 0.44722781692573113
0.7950	 0.4401667511164278
0.8000	 0.43280786562396617
0.8050	 0.42522156984399805
0.8100	 0.4174945688839371
0.8150	 0.40972897150913604
0.8200	 0.4020069024360963
0.8250	 0.3944023271113025
0.8300	 0.3869799685423735
0.8350	 0.37979327984143674
0.8400	 0.3728835091439452
0.8450	 0.3662804462102105
0.8500	 0.35998529722530975
0.8550	 0.35399352560834893
0.8600	 0.3482868021053499
0.8650	 0.34283669119573517
0.8700	 0.33761032078211866
0.8750	 0.33257458711341076
0.8800	 0.3276847790962192
0.8850	 0.322901914950273
0.8900	 0.3181898594155332
0.8950	 0.3134869034296012
0.9000	 0.3087162527013492
0.9050	 0.30378450737714644
0.9100	 0.298580755610411
0.9150	 0.29297389248603974
0.9200	 0.28679314439593065
0.9250	 0.27993422541522517
0.9300	 0.2722774438106556
0.9350	 0.2637521156289785
0.9400	 0.25436345561109277
0.9450	 0.24421034029058143
0.9500	 0.23348729363692473
0.9550	 0.22246520678382106
0.9600	 0.2114902343179066
0.9650	 0.2009060574609589
0.9700	 0.191024451055089
0.9750	 0.18209829675760912
0.9800	 0.1743004963329703
0.9850	 0.1677164489516782
0.9900	 0.1623557937271342
0.9950	 0.15816239653477712
1.000	 0.15499231225892427
