# ( ' T _ 2 H 1 ' , " " ' n o u n i t s ' )
0.000	 2.1386681412901427
5.000e-3	 2.13848464094257
0.01000	 2.137930971387072
0.01500	 2.1370039010740123
0.02000	 2.1357069328832075
0.02500	 2.1340454326576346
0.03000	 2.1320247663053093
0.03500	 2.12965029973425
0.04000	 2.1269273988524775
0.04500	 2.123861429568007
0.05000	 2.1204577577888593
0.05500	 2.116721749423049
0.06000	 2.112658770378597
0.06500	 2.108274186563522
0.07000	 2.1035733638858405
0.07500	 2.0985616682535726
0.08000	 2.0932444655747333
0.08500	 2.0876271217573437
0.09000	 2.0817150027094207
0.09500	 2.075513474338983
0.1000	 2.0690279025540486
0.1050	 2.0622636532626353
0.1100	 2.055226092372762
0.1150	 2.047920585792446
0.1200	 2.0403524994297064
0.1250	 2.03252719919256
0.1300	 2.0244500509890266
0.1350	 2.016126420727124
0.1400	 2.0075616743148705
0.1450	 1.9987611776602834
0.1500	 1.989730296671382
0.1550	 1.9804743972561827
0.1600	 1.9709988453227052
0.1650	 1.9613090067789678
0.1700	 1.9514102475329882
0.1750	 1.941307933492784
0.1800	 1.931007430566375
0.1850	 1.9205141046617775
0.1900	 1.9098333216870116
0.1950	 1.8989704475500928
0.2000	 1.8879308481590429
0.2050	 1.8767198894218766
0.2100	 1.8653429372466142
0.2150	 1.8538053575412738
0.2200	 1.8421125162138723
0.2250	 1.8302697791724285
0.2300	 1.8182825123249617
0.2350	 1.8061560815794881
0.2400	 1.7938958528440279
0.2450	 1.7815071920265975
0.2500	 1.7689954650352158
0.2550	 1.7563660377779016
0.2600	 1.7436242761626723
0.2650	 1.7307755460975467
0.2700	 1.7178252134905418
0.2750	 1.7047786442496777
0.2800	 1.691641204282971
0.2850	 1.6784182594984405
0.2900	 1.6651151758041045
0.2950	 1.6517373191079803
0.3000	 1.6382900553180872
0.3050	 1.624778750342443
0.3100	 1.6112087700890652
0.3150	 1.597585480465973
0.3200	 1.5839142473811842
0.3250	 1.5702004367427171
0.3300	 1.5564494144585888
0.3350	 1.5426665464368197
0.3400	 1.528857198585426
0.3450	 1.5150267368124268
0.3500	 1.50118052702584
0.3550	 1.4873239351336836
0.3600	 1.4734623270439764
0.3650	 1.4596010686647365
0.3700	 1.4457455259039818
0.3750	 1.43190106466973
0.3800	 1.41807305087
0.3850	 1.4042668504128102
0.3900	 1.3904878292061773
0.3950	 1.3767413531581218
0.4000	 1.3630327881766595
0.4050	 1.3493675001698104
0.4100	 1.3357508550455919
0.4150	 1.322188218712022
0.4200	 1.30868495707712
0.4250	 1.2952464360489029
0.4300	 1.2818780215353889
0.4350	 1.2685850794445968
0.4400	 1.255372975684544
0.4450	 1.2422470761632494
0.4500	 1.2292127467887315
0.4550	 1.2162753534690078
0.4600	 1.203440262112096
0.4650	 1.1907128386260153
0.4700	 1.1780984489187838
0.4750	 1.1656024588984193
0.4800	 1.15323023447294
0.4850	 1.140987141550364
0.4900	 1.1288785460387096
0.4950	 1.1169098138459954
0.5000	 1.105086310880239
0.5050	 1.0934134030240459
0.5100	 1.0818949726207179
0.5150	 1.0705294203446645
0.5200	 1.0593138810709017
0.5250	 1.0482454896744473
0.5300	 1.0373213810303172
0.5350	 1.0265386900135296
0.5400	 1.0158945514991005
0.5450	 1.005386100362048
0.5500	 0.9950104714773876
0.5550	 0.9847647997201376
0.5600	 0.9746462199653146
0.5650	 0.9646518670879349
0.5700	 0.9547788759630168
0.5750	 0.9450243814655758
0.5800	 0.9353855184706302
0.5850	 0.9258594218531964
0.5900	 0.9164432264882915
0.5950	 0.9071340672509319
0.6000	 0.8979290790161355
0.6050	 0.8888253966589184
0.6100	 0.8798201550542982
0.6150	 0.870910489077292
0.6200	 0.8620935336029164
0.6250	 0.8533664235061886
0.6300	 0.844726293662125
0.6350	 0.8361702789457436
0.6400	 0.8276955142320608
0.6450	 0.8192991343960935
0.6500	 0.8109782743128588
0.6550	 0.8027300688573742
0.6600	 0.7945516529046557
0.6650	 0.7864401613297207
0.6700	 0.7783927290075866
0.6750	 0.7704064908132701
0.6800	 0.762478581621788
0.6850	 0.7546061363081579
0.6900	 0.7467862897473958
0.6950	 0.7390161768145195
0.7000	 0.7312929323845455
0.7050	 0.7236136913324913
0.7100	 0.7159755885333732
0.7150	 0.7083757588622087
0.7200	 0.7008113371940148
0.7250	 0.6932794584038079
0.7300	 0.685777257366606
0.7350	 0.6783018689574251
0.7400	 0.6708504414810745
0.7450	 0.6634209022343335
0.7500	 0.6560123707910668
0.7550	 0.6486240675349377
0.7600	 0.6412552128496087
0.7650	 0.6339050271187434
0.7700	 0.6265727307260037
0.7750	 0.6192575440550536
0.7800	 0.6119586874895551
0.7850	 0.6046753814131713
0.7900	 0.5974068462095655
0.7950	 0.5901523022624003
0.8000	 0.5829109699553384
0.8050	 0.5756820696720433
0.8100	 0.5684648217961772
0.8150	 0.5612584467114035
0.8200	 0.5540621648013846
0.8250	 0.5468751964497841
0.8300	 0.5396967620402645
0.8350	 0.5325260819564888
0.8400	 0.5253623765821196
0.8450	 0.5182048663008201
0.8500	 0.5110527714962532
0.8550	 0.5039053125520817
0.8600	 0.49676170985196844
0.8650	 0.48962118377957636
0.8700	 0.48248295471856856
0.8750	 0.4753462430526077
0.8800	 0.4682102691653565
0.8850	 0.4610742534404786
0.8900	 0.453937416261636
0.8950	 0.44679873921369817
0.9000	 0.4396542417440194
0.9050	 0.432497939995
0.9100	 0.4253238123202975
0.9150	 0.41812583707356915
0.9200	 0.4108979926084728
0.9250	 0.40363425727866614
0.9300	 0.39632860943780635
0.9350	 0.38897502279488966
0.9400	 0.3811660520335734
0.9450	 0.37100837781697615
0.9500	 0.3572796550647784
0.9550	 0.34053294885022967
0.9600	 0.3214991909946179
0.9650	 0.3009093133192297
0.9700	 0.2794942476453528
0.9750	 0.25798492579427484
0.9800	 0.23711227958728304
0.9850	 0.21760724084566485
0.9900	 0.20020074139070784
0.9950	 0.18562371304369932
1.000	 0.17460708762592697
