# ( ' Z e f f ' , " " ' n o u n i t s ' )
0.000	 1.2933218864001432
5.000e-3	 1.2933531957929374
0.01000	 1.293445901346027
0.01500	 1.2935982127181407
0.02000	 1.2938083947520302
0.02500	 1.2940747639666148
0.03000	 1.2943956852467564
0.03500	 1.2947695687200318
0.04000	 1.295194866810314
0.04500	 1.2956700714588534
0.05000	 1.296193711504222
0.05500	 1.2967643502130113
0.06000	 1.2973805829538307
0.06500	 1.2980410350076534
0.07000	 1.29874435950804
0.07500	 1.299489235505209
0.08000	 1.300274366148401
0.08500	 1.3010984769812401
0.09000	 1.3019603143453624
0.09500	 1.302858643887634
0.1000	 1.303792249166874
0.1050	 1.3047599303559858
0.1100	 1.305760503035927
0.1150	 1.3067927970779836
0.1200	 1.3078556556110714
0.1250	 1.3089479340711103
0.1300	 1.310068499329449
0.1350	 1.31121622889777
0.1400	 1.3123900102067627
0.1450	 1.3135887399562516
0.1500	 1.3148113235343417
0.1550	 1.3160566745034563
0.1600	 1.317323714151102
0.1650	 1.3186113711033094
0.1700	 1.3199185809988538
0.1750	 1.3212442862222769
0.1800	 1.3225874356939167
0.1850	 1.3239469847151504
0.1900	 1.3253218948670848
0.1950	 1.3267111339609505
0.2000	 1.3281136760385905
0.2050	 1.329528501421254
0.2100	 1.3309545968051282
0.2150	 1.3323909554019933
0.2200	 1.3338365771231928
0.2250	 1.3352904688055351
0.2300	 1.336751644477286
0.2350	 1.3382191256627158
0.2400	 1.3396919417235456
0.2450	 1.341169130235643
0.2500	 1.3426497373993191
0.2550	 1.3441328184814996
0.2600	 1.3456174382882087
0.2650	 1.347102671665562
0.2700	 1.3485876040276117
0.2750	 1.3500713319093771
0.2800	 1.3515529635431975
0.2850	 1.3530316194568834
0.2900	 1.354506433091671
0.2950	 1.3559765514384408
0.3000	 1.357441135690329
0.3050	 1.3588993619100072
0.3100	 1.360350421709785
0.3150	 1.3617935229429434
0.3200	 1.3632278904043507
0.3250	 1.3646527665386925
0.3300	 1.3660674121545535
0.3350	 1.3674711071426813
0.3400	 1.3688631511965308
0.3450	 1.3702428645336437
0.3500	 1.371609588615901
0.3550	 1.3729626868672944
0.3600	 1.374301545387319
0.3650	 1.3756255736585734
0.3700	 1.3769342052469615
0.3750	 1.3782268984929895
0.3800	 1.3795031371927247
0.3850	 1.380762431266885
0.3900	 1.3820043174169216
0.3950	 1.3832283597665487
0.4000	 1.3844341504876347
0.4050	 1.385621310409277
0.4100	 1.3867894896088235
0.4150	 1.3879383679840167
0.4200	 1.3890676558050317
0.4250	 1.3901770942458305
0.4300	 1.3912664558937982
0.4350	 1.3923355452370116
0.4400	 1.3933841991286207
0.4450	 1.3944122872276972
0.4500	 1.3954197124160332
0.4550	 1.3964064111908316
0.4600	 1.3973723540327403
0.4650	 1.3983175457491972
0.4700	 1.3992420257930926
0.4750	 1.400145868556717
0.4800	 1.4010291836411952
0.4850	 1.401892116101682
0.4900	 1.4027348466686123
0.4950	 1.4035575919456171
0.5000	 1.4043606045845147
0.5050	 1.4051441734382575
0.5100	 1.4059086236924347
0.5150	 1.4066543169763992
0.5200	 1.4073816514549358
0.5250	 1.4080910619015896
0.5300	 1.408783019754951
0.5350	 1.4094580331591375
0.5400	 1.4101166469899171
0.5450	 1.4107594428680974
0.5500	 1.4113870391617376
0.5550	 1.4120000909788897
0.5600	 1.4125992901528586
0.5650	 1.4131853652217563
0.5700	 1.4137590814045662
0.5750	 1.414321240575643
0.5800	 1.4148726812401518
0.5850	 1.4154142785125634
0.5900	 1.415946944100769
0.5950	 1.4164716262982624
0.6000	 1.4169893099871653
0.6050	 1.4175010166546
0.6100	 1.4180078044254676
0.6150	 1.4185107681144205
0.6200	 1.4190110393000042
0.6250	 1.4195097864243396
0.6300	 1.4200082149212314
0.6350	 1.4205075673763408
0.6400	 1.4210091237226303
0.6450	 1.4215142014748594
0.6500	 1.4220241560065143
0.6550	 1.4225403808733206
0.6600	 1.4230643081868686
0.6650	 1.423597409042692
0.6700	 1.4241411940067912
0.6750	 1.4246972136651086
0.6800	 1.4252670592401513
0.6850	 1.4258523632796851
0.6900	 1.4264548004221378
0.6950	 1.4270760882436073
0.7000	 1.427717988191783
0.7050	 1.4283823066119905
0.7100	 1.4290708958707505
0.7150	 1.4297856555826363
0.7200	 1.4305285339461034
0.7250	 1.4313015291940516
0.7300	 1.4321066911650435
0.7350	 1.4329461230007778
0.7400	 1.4338219829750696
0.7450	 1.4347364864590277
0.7500	 1.435691908025621
0.7550	 1.436690583695236
0.7600	 1.437734913319971
0.7650	 1.4388273631000386
0.7700	 1.439970468217137
0.7750	 1.4411668355580034
0.7800	 1.4424191464826541
0.7850	 1.4437301595635832
0.7900	 1.4451027131797287
0.7950	 1.4465397277836916
0.8000	 1.4480442075631157
0.8050	 1.4496192410680846
0.8100	 1.45126800015181
0.8150	 1.452993736232153
0.8200	 1.4547997723668737
0.8250	 1.4566894888573154
0.8300	 1.4586662989158745
0.8350	 1.460733609145074
0.8400	 1.4628947568617712
0.8450	 1.4651529121717746
0.8500	 1.4675109264039066
0.8550	 1.4699710988764965
0.8600	 1.4725348191518686
0.8650	 1.4752020190039725
0.8700	 1.4779703325533362
0.8750	 1.4808338066599163
0.8800	 1.4837809138195732
0.8850	 1.4867914748262334
0.8900	 1.489831861920388
0.8950	 1.492847464851431
0.9000	 1.4957507678716522
0.9050	 1.498402376319278
0.9100	 1.5005808391232753
0.9150	 1.501935313602452
0.9200	 1.5019143973524638
0.9250	 1.499670252742643
0.9300	 1.4939666371903857
0.9350	 1.4832175078617602
0.9400	 1.466029756021988
0.9450	 1.4429775197969505
0.9500	 1.4197662879713009
0.9550	 1.4075324399832991
0.9600	 1.4115699225496123
0.9650	 1.4178651245552072
0.9700	 1.4053778092770675
0.9750	 1.3685999849994137
0.9800	 1.3179407252010842
0.9850	 1.2671719894267552
0.9900	 1.2251142030265898
0.9950	 1.1945568845231709
1.000	 1.1746405242482525
