 &DNUBEAM_PROF
 T0_NUBEAM =    1.425000000000000     ,
 T1_NUBEAM =    1.440000104904175     ,
 NRHO_IN =          201,
 RHO_IN =    0.000000000000000     ,
            5.0000000000000001E-003,
            1.0000000000000000E-002,
            1.4999999999999999E-002,
            2.0000000000000000E-002,
            2.5000000000000001E-002,
            2.9999999999999999E-002,
            3.5000000000000003E-002,
            4.0000000000000001E-002,
            4.4999999999999998E-002,
            5.0000000000000003E-002,
            5.5000000000000000E-002,
            5.9999999999999998E-002,
            6.5000000000000002E-002,
            7.0000000000000007E-002,
            7.4999999999999997E-002,
            8.0000000000000002E-002,
            8.5000000000000006E-002,
            8.9999999999999997E-002,
            9.5000000000000001E-002,
            0.1000000000000000     ,
            0.1050000000000000     ,
            0.1100000000000000     ,
            0.1150000000000000     ,
            0.1200000000000000     ,
            0.1250000000000000     ,
            0.1300000000000000     ,
            0.1350000000000000     ,
            0.1400000000000000     ,
            0.1450000000000000     ,
            0.1500000000000000     ,
            0.1550000000000000     ,
            0.1600000000000000     ,
            0.1650000000000000     ,
            0.1700000000000000     ,
            0.1750000000000000     ,
            0.1800000000000000     ,
            0.1850000000000000     ,
            0.1900000000000000     ,
            0.1950000000000000     ,
            0.2000000000000000     ,
            0.2050000000000000     ,
            0.2100000000000000     ,
            0.2150000000000000     ,
            0.2200000000000000     ,
            0.2250000000000000     ,
            0.2300000000000000     ,
            0.2350000000000000     ,
            0.2400000000000000     ,
            0.2450000000000000     ,
            0.2500000000000000     ,
            0.2550000000000000     ,
            0.2600000000000000     ,
            0.2650000000000000     ,
            0.2700000000000000     ,
            0.2750000000000000     ,
            0.2800000000000000     ,
            0.2850000000000000     ,
            0.2900000000000000     ,
            0.2950000000000000     ,
            0.3000000000000000     ,
            0.3050000000000000     ,
            0.3100000000000000     ,
            0.3150000000000000     ,
            0.3200000000000000     ,
            0.3250000000000000     ,
            0.3300000000000000     ,
            0.3350000000000000     ,
            0.3400000000000000     ,
            0.3450000000000000     ,
            0.3500000000000000     ,
            0.3550000000000000     ,
            0.3600000000000000     ,
            0.3650000000000000     ,
            0.3700000000000000     ,
            0.3750000000000000     ,
            0.3800000000000000     ,
            0.3850000000000000     ,
            0.3900000000000000     ,
            0.3950000000000000     ,
            0.4000000000000000     ,
            0.4050000000000000     ,
            0.4100000000000000     ,
            0.4150000000000000     ,
            0.4200000000000000     ,
            0.4250000000000000     ,
            0.4300000000000000     ,
            0.4350000000000000     ,
            0.4400000000000000     ,
            0.4450000000000000     ,
            0.4500000000000000     ,
            0.4550000000000000     ,
            0.4600000000000000     ,
            0.4650000000000000     ,
            0.4700000000000000     ,
            0.4750000000000000     ,
            0.4800000000000000     ,
            0.4850000000000000     ,
            0.4900000000000000     ,
            0.4950000000000000     ,
            0.5000000000000000     ,
            0.5050000000000000     ,
            0.5100000000000000     ,
            0.5150000000000000     ,
            0.5200000000000000     ,
            0.5250000000000000     ,
            0.5300000000000000     ,
            0.5350000000000000     ,
            0.5400000000000000     ,
            0.5450000000000000     ,
            0.5500000000000000     ,
            0.5550000000000000     ,
            0.5600000000000001     ,
            0.5650000000000001     ,
            0.5700000000000001     ,
            0.5750000000000001     ,
            0.5800000000000000     ,
            0.5850000000000000     ,
            0.5900000000000000     ,
            0.5950000000000000     ,
            0.6000000000000000     ,
            0.6050000000000000     ,
            0.6100000000000000     ,
            0.6150000000000000     ,
            0.6200000000000000     ,
            0.6250000000000000     ,
            0.6300000000000000     ,
            0.6350000000000000     ,
            0.6400000000000000     ,
            0.6450000000000000     ,
            0.6500000000000000     ,
            0.6550000000000000     ,
            0.6600000000000000     ,
            0.6650000000000000     ,
            0.6700000000000000     ,
            0.6750000000000000     ,
            0.6800000000000000     ,
            0.6850000000000001     ,
            0.6900000000000001     ,
            0.6950000000000001     ,
            0.7000000000000001     ,
            0.7050000000000000     ,
            0.7100000000000000     ,
            0.7150000000000000     ,
            0.7200000000000000     ,
            0.7250000000000000     ,
            0.7300000000000000     ,
            0.7350000000000000     ,
            0.7400000000000000     ,
            0.7450000000000000     ,
            0.7500000000000000     ,
            0.7550000000000000     ,
            0.7600000000000000     ,
            0.7650000000000000     ,
            0.7700000000000000     ,
            0.7750000000000000     ,
            0.7800000000000000     ,
            0.7850000000000000     ,
            0.7900000000000000     ,
            0.7950000000000000     ,
            0.8000000000000000     ,
            0.8050000000000000     ,
            0.8100000000000001     ,
            0.8150000000000001     ,
            0.8200000000000001     ,
            0.8250000000000001     ,
            0.8300000000000001     ,
            0.8350000000000000     ,
            0.8400000000000000     ,
            0.8450000000000000     ,
            0.8500000000000000     ,
            0.8550000000000000     ,
            0.8600000000000000     ,
            0.8650000000000000     ,
            0.8700000000000000     ,
            0.8750000000000000     ,
            0.8800000000000000     ,
            0.8850000000000000     ,
            0.8900000000000000     ,
            0.8950000000000000     ,
            0.9000000000000000     ,
            0.9050000000000000     ,
            0.9100000000000000     ,
            0.9150000000000000     ,
            0.9200000000000000     ,
            0.9250000000000000     ,
            0.9300000000000000     ,
            0.9350000000000001     ,
            0.9400000000000001     ,
            0.9450000000000001     ,
            0.9500000000000001     ,
            0.9550000000000001     ,
            0.9600000000000000     ,
            0.9650000000000000     ,
            0.9700000000000000     ,
            0.9750000000000000     ,
            0.9800000000000000     ,
            0.9850000000000000     ,
            0.9900000000000000     ,
            0.9950000000000000     ,
             1.000000000000000     ,
 TE_IN =    1.413760000000000     ,
            1.413705052546923     ,
            1.413540140125129     ,
            1.413265157640770     ,
            1.412880000000000     ,
            1.412384632171536     ,
            1.411779299374355     ,
            1.411064316889996     ,
            1.410240000000000     ,
            1.409306575016931     ,
            1.408263912377450     ,
            1.407111793549245     ,
            1.405850000000000     ,
            1.404478442760741     ,
            1.402997551115845     ,
            1.401407883913026     ,
            1.399710000000000     ,
            1.397904341440106     ,
            1.395990883159172     ,
            1.393969483298653     ,
            1.391840000000000     ,
            1.389602316478837     ,
            1.387256416247467     ,
            1.384802307892363     ,
            1.382240000000000     ,
            1.379569673894547     ,
            1.376792201850961     ,
            1.373908628881894     ,
            1.370920000000000     ,
            1.367827112942975     ,
            1.364629776348690     ,
            1.361327551580060     ,
            1.357920000000000     ,
            1.354406874333554     ,
            1.350788692754280     ,
            1.347066164797866     ,
            1.343240000000000     ,
            1.339310858472811     ,
            1.335279202634192     ,
            1.331145445478477     ,
            1.326910000000000     ,
            1.322573285525203     ,
            1.318135746708953     ,
            1.313597834538227     ,
            1.308960000000000     ,
            1.304222718176378     ,
            1.299386560529995     ,
            1.294452122618614     ,
            1.289420000000000     ,
            1.284290685519284     ,
            1.279064261171067     ,
            1.273740706237317     ,
            1.268320000000000     ,
            1.262802352246485     ,
            1.257188894785736     ,
            1.251480989932120     ,
            1.245680000000000     ,
            1.239787092994777     ,
            1.233802659685987     ,
            1.227726896534204     ,
            1.221560000000000     ,
            1.215302244524409     ,
            1.208954216470316     ,
            1.202516580181064     ,
            1.195990000000000     ,
            1.189375178907586     ,
            1.182672974432752     ,
            1.175884282741541     ,
            1.169010000000000     ,
            1.162050946095246     ,
            1.155007635798679     ,
            1.147880507602773     ,
            1.140670000000000     ,
            1.133376661711432     ,
            1.126001482372533     ,
            1.118545561847368     ,
            1.111010000000000     ,
            1.103395844559028     ,
            1.095703934711190     ,
            1.087935057507757     ,
            1.080090000000000     ,
            1.072169491302455     ,
            1.064174028782708     ,
            1.056104051871606     ,
            1.047960000000000     ,
            1.039742440231152     ,
            1.031452450157980     ,
            1.023091235005819     ,
            1.014660000000000     ,
            1.006159857147938     ,
           0.9975915455853713     ,
           0.9889557112301189     ,
           0.9802530000000002     ,
           0.9714841155520958     ,
           0.9626499925005343     ,
           0.9537516231987057     ,
           0.9447900000000001     ,
           0.9357660868936792     ,
           0.9266807344124918     ,
           0.9175347647250586     ,
           0.9083290000000001     ,
           0.8990643024981883     ,
           0.8897416948494988     ,
           0.8803622397760603     ,
           0.8709270000000000     ,
           0.8614370312385691     ,
           0.8518933611895131     ,
           0.8422970105457003     ,
           0.8326490000000002     ,
           0.8229503850475358     ,
           0.8132023603924494     ,
           0.8034061555411388     ,
           0.7935630000000000     ,
           0.7836741629462887     ,
           0.7737410722406896     ,
           0.7637651954147456     ,
           0.7537480000000000     ,
           0.7436909944173102     ,
           0.7335958506447929     ,
           0.7234642815498791     ,
           0.7132980000000000     ,
           0.7030987968844702     ,
           0.6928687751801387     ,
           0.6826101158857378     ,
           0.6723250000000002     ,
           0.6620157086698086     ,
           0.6516849236346522     ,
           0.6413354267821695     ,
           0.6309700000000000     ,
           0.6205915403112953     ,
           0.6102034052812531     ,
           0.5998090676105847     ,
           0.5894120000000000     ,
           0.5790158175850117     ,
           0.5686247052403364     ,
           0.5582429902754927     ,
           0.5478750000000002     ,
           0.5375252362236593     ,
           0.5271988987574029     ,
           0.5169013619124448     ,
           0.5066380000000000     ,
           0.4964143468953512     ,
           0.4862365747300531     ,
           0.4761110151997284     ,
           0.4660440000000000     ,
           0.4560419699449360     ,
           0.4461118023223852     ,
           0.4362604835386418     ,
           0.4264950000000000     ,
           0.4168223514499051     ,
           0.4072495909804062     ,
           0.3977837850207046     ,
           0.3884320000000000     ,
           0.3792010305054442     ,
           0.3700965837559902     ,
           0.3611240951285408     ,
           0.3522890000000002     ,
           0.3435960109033181     ,
           0.3350469489956339     ,
           0.3266429125901326     ,
           0.3183850000000000     ,
           0.3102728477562836     ,
           0.3023002452614752     ,
           0.2944595201359295     ,
           0.2867430000000000     ,
           0.2791407855715482     ,
           0.2716340699584652     ,
           0.2642018193661497     ,
           0.2568230000000000     ,
           0.2494743068325239     ,
           0.2421233499046638     ,
           0.2347354680244720     ,
           0.2272760000000000     ,
           0.2197108152233568     ,
           0.2120079054228798     ,
           0.2041357929109626     ,
           0.1960630000000002     ,
           0.1877652916490489     ,
           0.1792474034038178     ,
           0.1705213134566779     ,
           0.1615990000000000     ,
           0.1525033150554476     ,
           0.1433006059618492     ,
           0.1340680938873266     ,
           0.1248830000000002     ,
           0.1158241950041618     ,
           0.1069771477487856     ,
           9.8428976619016520E-002,
           9.0266799999999994E-002,
           8.2560809615406169E-002,
           7.5313490543008746E-002,
           6.8510401199106952E-002,
           6.2137100000000139E-002,
           5.6178775909213621E-002,
           5.0619140079179552E-002,
           4.5441534209555524E-002,
           4.0629300000000000E-002,
           3.6154025810239430E-002,
           3.1940286640273527E-002,
           2.7900904150171039E-002,
           2.3948700000000000E-002,
 TI_IN =    1.668880000000000     ,
            1.668526372793613     ,
            1.667479494116302     ,
            1.665760368380840     ,
            1.663390000000000     ,
            1.660389452944707     ,
            1.656780029418489     ,
            1.652583091183027     ,
            1.647820000000000     ,
            1.642512221677560     ,
            1.636681638209742     ,
            1.630350235637053     ,
            1.623540000000000     ,
            1.616272754095054     ,
            1.608569667742544     ,
            1.600451747518762     ,
            1.591940000000000     ,
            1.583055511942223     ,
            1.573819690820082     ,
            1.564254024287900     ,
            1.554380000000000     ,
            1.544219104386053     ,
            1.533792818977127     ,
            1.523122624079637     ,
            1.512230000000000     ,
            1.501136508013565     ,
            1.489864033271412     ,
            1.478434541893553     ,
            1.466870000000000     ,
            1.455192051059687     ,
            1.443421047937226     ,
            1.431577020846153     ,
            1.419680000000000     ,
            1.407750756497689     ,
            1.395813024979684     ,
            1.383891280971838     ,
            1.372010000000000     ,
            1.360190235449558     ,
            1.348439352144037     ,
            1.336761292766498     ,
            1.325160000000000     ,
            1.313638457954079     ,
            1.302195816444167     ,
            1.290830266712172     ,
            1.279540000000000     ,
            1.268323588984126     ,
            1.257181132079294     ,
            1.246113109134815     ,
            1.235120000000000     ,
            1.224202029859416     ,
            1.213358405238655     ,
            1.202588077998567     ,
            1.191890000000000     ,
            1.181263291578210     ,
            1.170707746966084     ,
            1.160223328870916     ,
            1.149810000000000     ,
            1.139467616327744     ,
            1.129195606897008     ,
            1.118993294017768     ,
            1.108860000000000     ,
            1.098795149360816     ,
            1.088798575445885     ,
            1.078870213808011     ,
            1.069010000000000     ,
            1.059217723728991     ,
            1.049492591319453     ,
            1.039833663250189     ,
            1.030240000000000     ,
            1.020710830723220     ,
            1.011246059276302     ,
            1.001845758191234     ,
           0.9925100000000000     ,
           0.9832387346281315     ,
           0.9740314215753385     ,
           0.9648873977348763     ,
           0.9558060000000000     ,
           0.9467866213892548     ,
           0.9378288794223442     ,
           0.9289324477442614     ,
           0.9200970000000001     ,
           0.9113221860648498     ,
           0.9026075607352857     ,
           0.8939526550380786     ,
           0.8853569999999999     ,
           0.8768201343513460     ,
           0.8683416276365135     ,
           0.8599210571034243     ,
           0.8515580000000001     ,
           0.8432520421547660     ,
           0.8350028037186604     ,
           0.8268099134232246     ,
           0.8186730000000001     ,
           0.8105916814045900     ,
           0.8025655324888450     ,
           0.7945941173286775     ,
           0.7866770000000001     ,
           0.7788137478518743     ,
           0.7710039413259596     ,
           0.7632471641370653     ,
           0.7555430000000000     ,
           0.7478910303129134     ,
           0.7402908272073163     ,
           0.7327419604980613     ,
           0.7252440000000000     ,
           0.7177965215214730     ,
           0.7103991248447752     ,
           0.7030514157456895     ,
           0.6957530000000001     ,
           0.6885034773511950     ,
           0.6813024234135834     ,
           0.6741494077691804     ,
           0.6670440000000000     ,
           0.6599857721987478     ,
           0.6529743065008913     ,
           0.6460091875525892     ,
           0.6390900000000000     ,
           0.6322163244788146     ,
           0.6253877255828519     ,
           0.6186037638954633     ,
           0.6118640000000000     ,
           0.6051680080109940     ,
           0.5985154161677010     ,
           0.5919058662405575     ,
           0.5853390000000002     ,
           0.5788144403522094     ,
           0.5723317347463442     ,
           0.5658904117673067     ,
           0.5594900000000000     ,
           0.5531300430801687     ,
           0.5468101448469230     ,
           0.5405299241902162     ,
           0.5342890000000000     ,
           0.5280869810771168     ,
           0.5219234358659642     ,
           0.5157979227218294     ,
           0.5097100000000001     ,
           0.5036592357363648     ,
           0.4976452366892207     ,
           0.4916676192974662     ,
           0.4857260000000000     ,
           0.4798199822274240     ,
           0.4739491173771532     ,
           0.4681129438383058     ,
           0.4623110000000000     ,
           0.4565428353539391     ,
           0.4508080438021665     ,
           0.4451062303493106     ,
           0.4394370000000000     ,
           0.4337999576068199     ,
           0.4281947074141811     ,
           0.4226208535144520     ,
           0.4170780000000000     ,
           0.4115657404687820     ,
           0.4060836265411095     ,
           0.4006311993428820     ,
           0.3952080000000001     ,
           0.3898135805180521     ,
           0.3844475364213817     ,
           0.3791094741140204     ,
           0.3737990000000000     ,
           0.3685157187090096     ,
           0.3632592277733643     ,
           0.3580291229510371     ,
           0.3528250000000000     ,
           0.3476464508959100     ,
           0.3424930524851610     ,
           0.3373643778318316     ,
           0.3322600000000000     ,
           0.3271794933323507     ,
           0.3221224372859915     ,
           0.3170884125966367     ,
           0.3120770000000000     ,
           0.3070877788996875     ,
           0.3021203233708730     ,
           0.2971742061566218     ,
           0.2922490000000001     ,
           0.2873442816938994     ,
           0.2824596442305169     ,
           0.2775946846518761     ,
           0.2727490000000000     ,
           0.2679221880747152     ,
           0.2631138497070594     ,
           0.2583235864858742     ,
           0.2535510000000001     ,
           0.2487956847572405     ,
           0.2440572069412456     ,
           0.2393351256546279     ,
           0.2346290000000000     ,
           0.2299383697713236     ,
           0.2252626975279585     ,
           0.2206014265206142     ,
           0.2159540000000001     ,
           0.2113200236574654     ,
           0.2066997529469205     ,
           0.2020936057629152     ,
           0.1975020000000000     ,
           0.1929246605988150     ,
           0.1883585406843599     ,
           0.1837999004277250     ,
           0.1792450000000000     ,
 NE_IN =   4.8466400000000000E+019,
           4.8463949137900806E+019,
           4.8456597701068816E+019,
           4.8444347413702410E+019,
           4.8427200000000000E+019,
           4.8405159159694369E+019,
           4.8378236494655939E+019,
           4.8346445582289535E+019,
           4.8309800000000000E+019,
           4.8268314223321735E+019,
           4.8222006320307446E+019,
           4.8170895257139438E+019,
           4.8115000000000000E+019,
           4.8054341759518704E+019,
           4.7988950724114276E+019,
           4.7918859326652703E+019,
           4.7844100000000000E+019,
           4.7764704676103447E+019,
           4.7680703283235463E+019,
           4.7592125248749740E+019,
           4.7499000000000000E+019,
           4.7401359848567513E+019,
           4.7299248642943894E+019,
           4.7192713115848319E+019,
           4.7081800000000000E+019,
           4.6966557492126499E+019,
           4.6847039644988973E+019,
           4.6723301975356965E+019,
           4.6595400000000000E+019,
           4.6463388307926483E+019,
           4.6327317777100202E+019,
           4.6187238357723824E+019,
           4.6043200000000000E+019,
           4.5895256463667577E+019,
           4.5743476746610205E+019,
           4.5587933656247730E+019,
           4.5428700000000000E+019,
           4.5265848337403216E+019,
           4.5099450236458983E+019,
           4.4929577017285263E+019,
           4.4756300000000000E+019,
           4.4579690811719549E+019,
           4.4399822307553845E+019,
           4.4216767649611219E+019,
           4.4030600000000000E+019,
           4.3841396228218585E+019,
           4.3649248033325629E+019,
           4.3454250821769863E+019,
           4.3256500000000000E+019,
           4.3056088337906115E+019,
           4.2853098059143643E+019,
           4.2647608750809342E+019,
           4.2439700000000000E+019,
           4.2229455107656950E+019,
           4.2016972230099812E+019,
           4.1802353237492769E+019,
           4.1585700000000000E+019,
           4.1367113106466079E+019,
           4.1146688020457112E+019,
           4.0924518924219589E+019,
           4.0700700000000000E+019,
           4.0475328403978740E+019,
           4.0248513188071760E+019,
           4.0020366378128900E+019,
           3.9791000000000000E+019,
           3.9560523277618971E+019,
           3.9329034227255869E+019,
           3.9096628063264842E+019,
           3.8863400000000000E+019,
           3.8629448798045397E+019,
           3.8394887402904764E+019,
           3.8159832306311750E+019,
           3.7924400000000000E+019,
           3.7688704967699448E+019,
           3.7452853661125075E+019,
           3.7216950523988173E+019,
           3.6981100000000000E+019,
           3.6745407893656834E+019,
           3.6509985452594930E+019,
           3.6274945285235565E+019,
           3.6040400000000000E+019,
           3.5806460332673241E+019,
           3.5573229528495210E+019,
           3.5340808960069579E+019,
           3.5109300000000000E+019,
           3.4878805463150211E+019,
           3.4649433933424226E+019,
           3.4421295436986130E+019,
           3.4194500000000004E+019,
           3.3969155314725913E+019,
           3.3745359737807884E+019,
           3.3523209291985916E+019,
           3.3302800000000004E+019,
           3.3084227965446136E+019,
           3.2867589615344243E+019,
           3.2652981457570226E+019,
           3.2440500000000004E+019,
           3.2230239073489551E+019,
           3.2022281800815161E+019,
           3.1816708627733189E+019,
           3.1613600000000000E+019,
           3.1413036053095674E+019,
           3.1215095681395122E+019,
           3.1019857468997018E+019,
           3.0827400000000000E+019,
           3.0637797964127785E+019,
           3.0451110473604350E+019,
           3.0267392746278740E+019,
           3.0086700000000004E+019,
           2.9909084590393201E+019,
           2.9734587424187482E+019,
           2.9563246545888027E+019,
           2.9395100000000000E+019,
           2.9230182424299434E+019,
           2.9068514829645738E+019,
           2.8910114820169171E+019,
           2.8755000000000000E+019,
           2.8603182587409076E+019,
           2.8454653257229582E+019,
           2.8309397298435301E+019,
           2.8167400000000000E+019,
           2.8028638788564271E+019,
           2.7893059641435935E+019,
           2.7760600673589633E+019,
           2.7631200000000004E+019,
           2.7504790383333847E+019,
           2.7381283177026683E+019,
           2.7260584382206173E+019,
           2.7142600000000000E+019,
           2.7027223115600339E+019,
           2.6914295150457344E+019,
           2.6803644610085683E+019,
           2.6695100000000000E+019,
           2.6588479654264803E+019,
           2.6483561221143941E+019,
           2.6380112177451110E+019,
           2.6277900000000004E+019,
           2.6176678579840455E+019,
           2.6076147464966894E+019,
           2.5975992617609888E+019,
           2.5875900000000000E+019,
           2.5775540401373385E+019,
           2.5674523918988489E+019,
           2.5572445477109350E+019,
           2.5468900000000000E+019,
           2.5363469189666017E+019,
           2.5255681859079152E+019,
           2.5145053598952710E+019,
           2.5031100000000000E+019,
           2.4913326589962564E+019,
           2.4791198644694905E+019,
           2.4664171377079800E+019,
           2.4531700000000000E+019,
           2.4393236950483751E+019,
           2.4248223562141229E+019,
           2.4096098392728089E+019,
           2.3936300000000004E+019,
           2.3768283420602438E+019,
           2.3591569606740189E+019,
           2.3405695989507838E+019,
           2.3210200000000000E+019,
           2.3004655929606500E+019,
           2.2788785510898041E+019,
           2.2562347336740565E+019,
           2.2325100000000000E+019,
           2.2076878798471569E+019,
           2.1817825849667650E+019,
           2.1548159976029905E+019,
           2.1268100000000000E+019,
           2.0977964814007230E+019,
           2.0678473590431359E+019,
           2.0370445571639816E+019,
           2.0054700000000000E+019,
           1.9732186945499533E+019,
           1.9404379788606919E+019,
           1.9072882737410830E+019,
           1.8739300000000008E+019,
           1.8405113966494632E+019,
           1.8071319755140993E+019,
           1.7738790666216864E+019,
           1.7408400000000000E+019,
           1.7080860313521945E+019,
           1.6756241190829124E+019,
           1.6434451472721754E+019,
           1.6115400000000008E+019,
           1.5795908841917626E+019,
           1.5460452981542527E+019,
           1.5090420630396156E+019,
           1.4667200000000000E+019,
           1.4173244943807578E+019,
           1.3595271883000785E+019,
           1.2921062880693602E+019,
           1.2138400000000020E+019,
           1.1243556070352069E+019,
           1.0266766986454354E+019,
           9.2467594093294305E+018,
           8.2222600000000000E+018,
           7.2241145247841751E+018,
           6.2516451711818895E+018,
           5.2962932319887032E+018,
           4.3495000000000000E+018,
 ZEFF_IN =    1.750000000000000     ,
              1.750000000000000     ,
              1.750000000000000     ,
              1.750000000000000     ,
              1.750000000000000     ,
              1.750000000000000     ,
              1.750000000000000     ,
              1.750000000000000     ,
              1.750000000000000     ,
              1.750000000000000     ,
              1.750000000000000     ,
              1.750000000000000     ,
              1.750000000000000     ,
              1.750000000000000     ,
              1.750000000000000     ,
              1.750000000000000     ,
              1.750000000000000     ,
              1.750000000000000     ,
              1.750000000000000     ,
              1.750000000000000     ,
              1.750000000000000     ,
              1.750000000000000     ,
              1.750000000000000     ,
              1.750000000000000     ,
              1.750000000000000     ,
              1.750000000000000     ,
              1.750000000000000     ,
              1.750000000000000     ,
              1.750000000000000     ,
              1.750000000000000     ,
              1.750000000000000     ,
              1.750000000000000     ,
              1.750000000000000     ,
              1.750000000000000     ,
              1.750000000000000     ,
              1.750000000000000     ,
              1.750000000000000     ,
              1.750000000000000     ,
              1.750000000000000     ,
              1.750000000000000     ,
              1.750000000000000     ,
              1.750000000000000     ,
              1.750000000000000     ,
              1.750000000000000     ,
              1.750000000000000     ,
              1.750000000000000     ,
              1.750000000000000     ,
              1.750000000000000     ,
              1.750000000000000     ,
              1.750000000000000     ,
              1.750000000000000     ,
              1.750000000000000     ,
              1.750000000000000     ,
              1.750000000000000     ,
              1.750000000000000     ,
              1.750000000000000     ,
              1.750000000000000     ,
              1.750000000000000     ,
              1.750000000000000     ,
              1.750000000000000     ,
              1.750000000000000     ,
              1.750000000000000     ,
              1.750000000000000     ,
              1.750000000000000     ,
              1.750000000000000     ,
              1.750000000000000     ,
              1.750000000000000     ,
              1.750000000000000     ,
              1.750000000000000     ,
              1.750000000000000     ,
              1.750000000000000     ,
              1.750000000000000     ,
              1.750000000000000     ,
              1.750000000000000     ,
              1.750000000000000     ,
              1.750000000000000     ,
              1.750000000000000     ,
              1.750000000000000     ,
              1.750000000000000     ,
              1.750000000000000     ,
              1.750000000000000     ,
              1.750000000000000     ,
              1.750000000000000     ,
              1.750000000000000     ,
              1.750000000000000     ,
              1.750000000000000     ,
              1.750000000000000     ,
              1.750000000000000     ,
              1.750000000000000     ,
              1.750000000000000     ,
              1.750000000000000     ,
              1.750000000000000     ,
              1.750000000000000     ,
              1.750000000000000     ,
              1.750000000000000     ,
              1.750000000000000     ,
              1.750000000000000     ,
              1.750000000000000     ,
              1.750000000000000     ,
              1.750000000000000     ,
              1.750000000000000     ,
              1.750000000000000     ,
              1.750000000000000     ,
              1.750000000000000     ,
              1.750000000000000     ,
              1.750000000000000     ,
              1.750000000000000     ,
              1.750000000000000     ,
              1.750000000000000     ,
              1.750000000000000     ,
              1.750000000000000     ,
              1.750000000000000     ,
              1.750000000000000     ,
              1.750000000000000     ,
              1.750000000000000     ,
              1.750000000000000     ,
              1.750000000000000     ,
              1.750000000000000     ,
              1.750000000000000     ,
              1.750000000000000     ,
              1.750000000000000     ,
              1.750000000000000     ,
              1.750000000000000     ,
              1.750000000000000     ,
              1.750000000000000     ,
              1.750000000000000     ,
              1.750000000000000     ,
              1.750000000000000     ,
              1.750000000000000     ,
              1.750000000000000     ,
              1.750000000000000     ,
              1.750000000000000     ,
              1.750000000000000     ,
              1.750000000000000     ,
              1.750000000000000     ,
              1.750000000000000     ,
              1.750000000000000     ,
              1.750000000000000     ,
              1.750000000000000     ,
              1.750000000000000     ,
              1.750000000000000     ,
              1.750000000000000     ,
              1.750000000000000     ,
              1.750000000000000     ,
              1.750000000000000     ,
              1.750000000000000     ,
              1.750000000000000     ,
              1.750000000000000     ,
              1.750000000000000     ,
              1.750000000000000     ,
              1.750000000000000     ,
              1.750000000000000     ,
              1.750000000000000     ,
              1.750000000000000     ,
              1.750000000000000     ,
              1.750000000000000     ,
              1.750000000000000     ,
              1.750000000000000     ,
              1.750000000000000     ,
              1.750000000000000     ,
              1.750000000000000     ,
              1.750000000000000     ,
              1.750000000000000     ,
              1.750000000000000     ,
              1.750000000000000     ,
              1.750000000000000     ,
              1.750000000000000     ,
              1.750000000000000     ,
              1.750000000000000     ,
              1.750000000000000     ,
              1.750000000000000     ,
              1.750000000000000     ,
              1.750000000000000     ,
              1.750000000000000     ,
              1.750000000000000     ,
              1.750000000000000     ,
              1.750000000000000     ,
              1.750000000000000     ,
              1.750000000000000     ,
              1.750000000000000     ,
              1.750000000000000     ,
              1.750000000000000     ,
              1.750000000000000     ,
              1.750000000000000     ,
              1.750000000000000     ,
              1.750000000000000     ,
              1.750000000000000     ,
              1.750000000000000     ,
              1.750000000000000     ,
              1.750000000000000     ,
              1.750000000000000     ,
              1.750000000000000     ,
              1.750000000000000     ,
              1.750000000000000     ,
              1.750000000000000     ,
              1.750000000000000     ,
              1.750000000000000     ,
              1.750000000000000     ,
              1.750000000000000     ,
              1.750000000000000     ,
              1.750000000000000     ,
 OMEGA_IN =    11647.10000000000     ,
               11647.75063081295     ,
               11649.71001550120     ,
               11652.98939243885     ,
               11657.60000000000     ,
               11663.54870930936     ,
               11670.82492249401     ,
               11679.41367443166     ,
               11689.30000000000     ,
               11700.47015694963     ,
               11712.91529452276     ,
               11726.62778483451     ,
               11741.60000000000     ,
               11757.82378789213     ,
               11775.28889941495     ,
               11793.98456123030     ,
               11813.90000000000     ,
               11835.02219148184     ,
               11857.32910781743     ,
               11880.79647024430     ,
               11905.40000000000     ,
               11931.11713368049     ,
               11957.93216931533     ,
               11985.83112029251     ,
               12014.80000000000     ,
               12044.82177379620     ,
               12075.86721492123     ,
               12107.90404858565     ,
               12140.90000000000     ,
               12174.82389613471     ,
               12209.64897099973     ,
               12245.34956036488     ,
               12281.90000000000     ,
               12319.27326666496     ,
               12357.43690107986     ,
               12396.35708495482     ,
               12436.00000000000     ,
               12476.33147470544     ,
               12517.31592468085     ,
               12558.91741231583     ,
               12601.10000000000     ,
               12643.82739701327     ,
               12687.06190019676     ,
               12730.76545328186     ,
               12774.90000000000     ,
               12819.42612474147     ,
               12864.29897453212     ,
               12909.47233705672     ,
               12954.90000000000     ,
               13000.53685402086     ,
               13046.34220167474     ,
               13092.27644849126     ,
               13138.30000000000     ,
               13184.37177167511     ,
               13230.44471876890     ,
               13276.47030647824     ,
               13322.40000000000     ,
               13368.18387177872     ,
               13413.76642324966     ,
               13459.09076309577     ,
               13504.10000000000     ,
               13548.73961621003     ,
               13592.96458823247     ,
               13636.73226613868     ,
               13680.00000000000     ,
               13722.72172588117     ,
               13764.83772382047     ,
               13806.28485984953     ,
               13847.00000000000     ,
               13886.92191776527     ,
               13925.99701648566     ,
               13964.17360696322     ,
               14001.40000000000     ,
               14037.62341555773     ,
               14072.78671023688     ,
               14106.83164979758     ,
               14139.70000000000     ,
               14171.33285750381     ,
               14201.66864256683     ,
               14230.64510634644     ,
               14258.20000000000     ,
               14284.27171692704     ,
               14308.80121949579     ,
               14331.73011231665     ,
               14353.00000000000     ,
               14372.55214978803     ,
               14390.32647945001     ,
               14406.26256938698     ,
               14420.30000000000     ,
               14432.37749642084     ,
               14442.43036270418     ,
               14450.39304763544     ,
               14456.20000000000     ,
               14459.78630202860     ,
               14461.08956973325     ,
               14460.04805257128     ,
               14456.60000000000     ,
               14450.68354546475     ,
               14442.23635836280     ,
               14431.19599207946     ,
               14417.50000000000     ,
               14401.08576611241     ,
               14381.88999681553     ,
               14359.84922911088     ,
               14334.90000000000     ,
               14306.97964008560     ,
               14276.02865437509     ,
               14241.98834147703     ,
               14204.80000000000     ,
               14164.40504854518     ,
               14120.74538568412     ,
               14073.76302998101     ,
               14023.40000000000     ,
               13969.59860323369     ,
               13912.30230288841     ,
               13851.45485109893     ,
               13787.00000000000     ,
               13718.88491352006     ,
               13647.07040276223     ,
               13571.52069062328     ,
               13492.20000000000     ,
               13409.07268018607     ,
               13322.10358606269     ,
               13231.25769890796     ,
               13136.50000000000     ,
               13037.79936573568     ,
               12935.14025298703     ,
               12828.51101374486     ,
               12717.90000000000     ,
               12603.30016937122     ,
               12484.72290198919     ,
               12362.18418361258     ,
               12235.70000000000     ,
               12105.29214427945     ,
               11971.00563905619     ,
               11832.89131430484     ,
               11691.00000000000     ,
               11545.39062851100     ,
               11396.15454178605     ,
               11243.39118416807     ,
               11087.20000000000     ,
               10927.69065417655     ,
               10765.01369379961     ,
               10599.32988652287     ,
               10430.80000000000     ,
               10259.59722353280     ,
               10085.94443301549     ,
               9910.076925990446     ,
               9732.230000000000     ,
               9552.654045442270     ,
               9371.659824138405     ,
               9189.573190765346     ,
               9006.719999999999     ,
               8823.441750948141     ,
               8640.142520430887     ,
               8457.242029698184     ,
               8275.160000000003     ,
               8094.331763265171     ,
               7915.255094138066     ,
               7738.443377941926     ,
               7564.410000000000     ,
               7393.679789741180     ,
               7226.823353016867     ,
               7064.422739784128     ,
               6907.060000000000     ,
               6755.319077770122     ,
               6609.791493794462     ,
               6471.070662921570     ,
               6339.750000000000     ,
               6216.407336678337     ,
               6101.558171805284     ,
               5995.702421029592     ,
               5899.340000000000     ,
               5812.924700516540     ,
               5736.725818984402     ,
               5670.966527960061     ,
               5615.870000000001     ,
               5571.570111255506     ,
               5537.843552257113     ,
               5514.377717130163     ,
               5500.860000000000     ,
               5496.824385711435     ,
               5501.191221987148     ,
               5512.727447269287     ,
               5530.200000000000     ,
               5552.181095898753     ,
               5576.464059794293     ,
               5600.647493792688     ,
               5622.330000000000     ,
               5638.868105693552     ,
               5646.650038835677     ,
               5641.821952559963     ,
               5620.530000000001     ,
               5579.369293827039     ,
               5516.730784862999     ,
               5431.454383467457     ,
               5322.380000000000     ,
               5189.580812748296     ,
               5038.063071712334     ,
               4874.066294820213     ,
               4703.830000000000     ,
 VLOOP_IN =   0.6183788219182856     ,
              0.6183794490470339     ,
              0.6185351184868253     ,
              0.6193961918881685     ,
              0.6218707275352480     ,
              0.6268409924770488     ,
              0.6347221795309346     ,
              0.6452555057252877     ,
              0.6575476774038741     ,
              0.6702369544684226     ,
              0.6819401403338876     ,
              0.6919763627048160     ,
              0.7006037284462693     ,
              0.7086185048806298     ,
              0.7168142349049148     ,
              0.7254860734952699     ,
              0.7343875963324211     ,
              0.7431527217182538     ,
              0.7516375213746398     ,
              0.7599206946342324     ,
              0.7680850746139126     ,
              0.7761075433641309     ,
              0.7840034215686644     ,
              0.7919138190615214     ,
              0.7998417001037862     ,
              0.8075365289953839     ,
              0.8148989527363125     ,
              0.8220839720399801     ,
              0.8291317112001193     ,
              0.8359584091312646     ,
              0.8426032901513562     ,
              0.8492006445735182     ,
              0.8557949132523879     ,
              0.8623143592711214     ,
              0.8687828598930213     ,
              0.8752203529151539     ,
              0.8814426164091749     ,
              0.8873878377185868     ,
              0.8931784169988028     ,
              0.8989486727846843     ,
              0.9046805886147011     ,
              0.9101911958681049     ,
              0.9155321086648740     ,
              0.9208371166857680     ,
              0.9259868781603805     ,
              0.9309786720983779     ,
              0.9359206348174579     ,
              0.9406866730674368     ,
              0.9452998120824839     ,
              0.9499307611139127     ,
              0.9544436265706959     ,
              0.9587172567797932     ,
              0.9628957653967842     ,
              0.9670660462928662     ,
              0.9711509280023197     ,
              0.9750448525700220     ,
              0.9787562048533297     ,
              0.9823926039255112     ,
              0.9859794827739480     ,
              0.9894767026259823     ,
              0.9928734820320002     ,
              0.9961696783313685     ,
              0.9993621409999328     ,
               1.002448015144645     ,
               1.005424378760382     ,
               1.008286324086509     ,
               1.011029806195823     ,
               1.013645670526079     ,
               1.016167947260200     ,
               1.018680378133891     ,
               1.021180815480240     ,
               1.023588472083106     ,
               1.025865080196780     ,
               1.028008460692708     ,
               1.030026993229682     ,
               1.032010809249129     ,
               1.034029191843435     ,
               1.035987190935487     ,
               1.037802116647583     ,
               1.039488309774412     ,
               1.041138085666242     ,
               1.042823349656779     ,
               1.044462365407917     ,
               1.045970074756969     ,
               1.047390463592655     ,
               1.048834133887481     ,
               1.050299949252466     ,
               1.051675303580394     ,
               1.052955597259418     ,
               1.054257480991748     ,
               1.055603814726633     ,
               1.056888418845721     ,
               1.058094362717248     ,
               1.059334196602447     ,
               1.060631801216666     ,
               1.061885538835116     ,
               1.063088633574913     ,
               1.064350638012956     ,
               1.065682326058010     ,
               1.066976664277977     ,
               1.068256996681926     ,
               1.069640538688744     ,
               1.071092043028625     ,
               1.072521406210508     ,
               1.073979648629760     ,
               1.075560342397615     ,
               1.077218869620044     ,
               1.078883111565997     ,
               1.080611550803380     ,
               1.082480467921863     ,
               1.084447398105373     ,
               1.086445453123773     ,
               1.088532482678226     ,
               1.090794214828612     ,
               1.093184735662042     ,
               1.095640019283337     ,
               1.098199456090913     ,
               1.100938066887121     ,
               1.103852698629473     ,
               1.106884477742757     ,
               1.110020114755897     ,
               1.113326344427549     ,
               1.116862046318038     ,
               1.120580202226712     ,
               1.124439451821577     ,
               1.128456043248316     ,
               1.132676300690270     ,
               1.137144022454959     ,
               1.141836941532855     ,
               1.146722598430326     ,
               1.151803610777608     ,
               1.157095322919545     ,
               1.162635279705381     ,
               1.168457377662328     ,
               1.174546317977801     ,
               1.180882019859946     ,
               1.187471457733190     ,
               1.194325921169882     ,
               1.201456671648439     ,
               1.208877971389505     ,
               1.216612726649147     ,
               1.224687720024729     ,
               1.233110605450441     ,
               1.241877531478869     ,
               1.250998605428156     ,
               1.260491383087028     ,
               1.270374406917986     ,
               1.280670905965534     ,
               1.291405593070164     ,
               1.302602348028213     ,
               1.314287129833621     ,
               1.326490572253691     ,
               1.339244912087280     ,
               1.352581448869812     ,
               1.366535882168806     ,
               1.381151453845406     ,
               1.396474263471375     ,
               1.412550970421807     ,
               1.429435469616729     ,
               1.447192316144331     ,
               1.465890681654178     ,
               1.485607465919309     ,
               1.506440847325244     ,
               1.528501670371554     ,
               1.551906053619904     ,
               1.576791744648702     ,
               1.603340749479929     ,
               1.631784268890089     ,
               1.662406707703371     ,
               1.695549947146737     ,
               1.731612014817867     ,
               1.771083249428832     ,
               1.814592761136283     ,
               1.862951209310509     ,
               1.917106908412690     ,
               1.978144176619953     ,
               2.047533940654544     ,
               2.126966414278145     ,
               2.218300300045134     ,
               2.323986343471826     ,
               2.447145506457573     ,
               2.591602433510332     ,
               2.761745638291959     ,
               2.962548102394810     ,
               3.199798060229496     ,
               3.479844204300776     ,
               3.810542613300673     ,
               4.201782407035232     ,
               4.664454775410021     ,
               5.211082927402940     ,
               5.858190645480224     ,
               6.627901204574933     ,
               7.548899678551563     ,
               8.659712245618271     ,
               10.00928357618545     ,
               11.65043407777864     ,
               13.66198358331268     ,
               16.16699844673869     ,
               19.24601858427432     ,
               23.05297516358450     ,
               27.29583576005578     ,
 N0W_IN =    632946842063.3911     ,
             631398932794.2711     ,
             630662659472.9949     ,
             631099444439.1793     ,
             632520800247.0436     ,
             634706699069.6765     ,
             637451756176.9277     ,
             640687738784.4041     ,
             644424141621.8628     ,
             648672532262.9032     ,
             653445771365.8881     ,
             658758074890.1902     ,
             664622822434.0647     ,
             671045846058.3195     ,
             678031856558.7330     ,
             685586556031.6544     ,
             693716612440.1758     ,
             702429636466.4675     ,
             711734160354.0256     ,
             721639625389.8177     ,
             732156639224.2633     ,
             743297071135.3319     ,
             755073711839.8037     ,
             767500239768.4769     ,
             780591212640.7031     ,
             794362059524.5465     ,
             808829073170.5990     ,
             824009402407.4224     ,
             839921044384.9502     ,
             856582830379.4120     ,
             874014401241.0447     ,
             892236212738.3229     ,
             911269529073.4684     ,
             931136410755.4001     ,
             951859700953.9054     ,
             973463010090.7145     ,
             995970698416.6464     ,
             1019407856317.204     ,
             1043800282081.983     ,
             1069174460442.510     ,
             1095558768147.428     ,
             1122985434976.664     ,
             1151488208919.251     ,
             1181101931007.827     ,
             1211862542538.089     ,
             1243807090657.430     ,
             1276973732121.405     ,
             1311401735006.392     ,
             1347131478156.224     ,
             1384204448129.745     ,
             1422663233405.320     ,
             1462551515587.257     ,
             1503914708504.515     ,
             1546802197645.578     ,
             1591265591088.160     ,
             1637358052157.290     ,
             1685134318816.216     ,
             1734650721273.791     ,
             1785965197596.192     ,
             1839137307103.478     ,
             1894228241319.648     ,
             1951300832232.763     ,
             2010419557609.445     ,
             2071650543095.652     ,
             2135061560823.108     ,
             2200722460479.279     ,
             2268708665055.103     ,
             2339099808909.166     ,
             2411977987680.324     ,
             2487427792808.591     ,
             2565536360444.706     ,
             2646393419420.526     ,
             2730091338104.712     ,
             2816725169957.155     ,
             2906392697584.099     ,
             2999194475084.094     ,
             3095233868462.809     ,
             3194617093882.194     ,
             3297453253496.780     ,
             3403855144414.490     ,
             3513945341727.401     ,
             3627853851451.642     ,
             3745715223197.242     ,
             3867668675847.716     ,
             3993858251033.291     ,
             4124432971082.996     ,
             4259547001552.819     ,
             4399359818427.860     ,
             4544036380095.871     ,
             4693747304189.806     ,
             4848669049396.637     ,
             5008984102329.102     ,
             5174881169556.557     ,
             5346555460856.420     ,
             5524215395815.358     ,
             5708088464178.647     ,
             5898412791986.753     ,
             6095436610606.217     ,
             6299418726351.410     ,
             6510629013721.472     ,
             6729348933527.191     ,
             6955872077256.824     ,
             7190504739106.820     ,
             7433566517186.912     ,
             7685390945496.517     ,
             7946326158362.518     ,
             8216735589127.727     ,
             8496998704984.257     ,
             8787514127355.780     ,
             9088723967970.984     ,
             9401108498857.121     ,
             9725173992445.494     ,
             10061454073038.59     ,
             10410511363239.15     ,
             10772939239654.33     ,
             11149363705835.79     ,
             11540445391045.21     ,
             11946881684112.37     ,
             12369409012388.50     ,
             12808805276599.09     ,
             13265892453264.61     ,
             13741539377302.10     ,
             14236664962030.40     ,
             14752275211131.41     ,
             15289508101390.20     ,
             15849586252124.12     ,
             16433815103936.52     ,
             17043589123563.20     ,
             17680398531639.96     ,
             18345836602040.95     ,
             19041607586319.73     ,
             19769535322198.09     ,
             20531572591049.26     ,
             21329811295982.88     ,
             22166493539537.49     ,
             23044023688205.78     ,
             23964982358804.58     ,
             24932247825331.71     ,
             25949140574913.39     ,
             27019286113352.60     ,
             28146619033748.00     ,
             29335412451068.18     ,
             30590310631549.96     ,
             31916365197885.55     ,
             33319075340395.84     ,
             34804432520526.39     ,
             36378970217057.84     ,
             38049819338615.82     ,
             39824770009777.48     ,
             41712340535497.45     ,
             43722130858800.26     ,
             45865783700457.88     ,
             48156484408342.70     ,
             50608900920355.64     ,
             53239372975996.80     ,
             56066129078747.60     ,
             59109535671894.32     ,
             62392383773777.31     ,
             65940219251320.11     ,
             69781724023669.32     ,
             73949156818179.73     ,
             78478863694342.89     ,
             83411968230255.16     ,
             88795680253322.38     ,
             94683896642514.09     ,
             101137970626437.8     ,
             108227890078835.8     ,
             116033665355701.4     ,
             124646966559828.3     ,
             134173059468992.8     ,
             144733099944128.1     ,
             156466859667141.3     ,
             169535972154067.8     ,
             184128594135752.3     ,
             200467499521326.8     ,
             218814466992397.8     ,
             239476761872616.3     ,
             262816103438022.5     ,
             289259599637020.1     ,
             319313122550953.1     ,
             353577721801243.9     ,
             392769831766279.3     ,
             437743068736108.3     ,
             489468954430585.8     ,
             549057169617631.8     ,
             617813612448150.0     ,
             697277754068020.4     ,
             789266212242228.0     ,
             895924693091529.0     ,
             1019789926584125.     ,
             1163560167951547.     ,
             1328899609267429.     ,
             1516664218986992.     ,
             1726829150321785.     ,
             1958126185709141.     ,
             2207699961093669.     ,
             2474907150078735.     ,
             2767100335310358.     ,
             3096011438900180.     ,
             3477422486417345.     ,
             3919056667005753.     ,
 N0V_IN =    389642452313.5097     ,
             388113469726.8660     ,
             386989138779.0053     ,
             386421082480.2972     ,
             386258600981.8629     ,
             386333816616.6426     ,
             386490043947.3163     ,
             386672568228.6417     ,
             386883587821.4366     ,
             387125932580.5283     ,
             387402446509.7451     ,
             387715990142.3691     ,
             388068575121.6620     ,
             388458820275.0264     ,
             388884511780.4403     ,
             389343435767.3732     ,
             389833376310.9798     ,
             390352113555.7849     ,
             390897421968.3598     ,
             391467083794.0882     ,
             392059477628.0402     ,
             392673773659.5977     ,
             393309194523.5654     ,
             393964960684.5245     ,
             394640289999.0377     ,
             395334397293.9267     ,
             396046493960.6290     ,
             396775787565.6623     ,
             397521481477.1228     ,
             398282773419.9374     ,
             399058852446.3993     ,
             399848901534.0450     ,
             400652098084.9637     ,
             401467613633.0245     ,
             402294613568.2166     ,
             403132256878.3082     ,
             403979695908.0239     ,
             404836076135.9618     ,
             405700535969.4936     ,
             406572207707.5676     ,
             407450605131.2599     ,
             408336192467.4560     ,
             409229581797.1355     ,
             410131390616.9673     ,
             411042241956.6863     ,
             411962764505.8693     ,
             412893592750.2541     ,
             413835367117.7682     ,
             414788734134.4182     ,
             415754346590.2151     ,
             416732863715.3141     ,
             417724951366.5383     ,
             418731333557.4600     ,
             419752959424.2045     ,
             420790845669.7491     ,
             421846019835.8127     ,
             422919520688.0991     ,
             424012398627.3560     ,
             425125716126.4236     ,
             426260548193.8358     ,
             427417982864.5543     ,
             428599121718.4496     ,
             429805080427.1810     ,
             431036989330.1550     ,
             432295994040.2904     ,
             433583267935.8081     ,
             434900103904.3317     ,
             436247866324.8745     ,
             437627940194.6780     ,
             439041731605.4186     ,
             440490668688.3660     ,
             441976202606.3542     ,
             443499808593.9966     ,
             445062987047.6562     ,
             446667264666.7652     ,
             448314195648.1775     ,
             450005362935.3574     ,
             451742379524.2759     ,
             453526889828.0296     ,
             455360568428.5743     ,
             457245101639.9566     ,
             459182199906.3146     ,
             461173610438.1291     ,
             463221118941.5230     ,
             465326551334.9461     ,
             467491775539.0413     ,
             469718703342.6490     ,
             472009292348.1028     ,
             474365547999.1302     ,
             476789525694.8696     ,
             479283332993.6693     ,
             481849131910.6013     ,
             484489141312.7714     ,
             487205638746.7761     ,
             490000913790.2377     ,
             492877235650.7643     ,
             495836929732.6414     ,
             498882388172.7715     ,
             502016072656.7673     ,
             505240517353.1702     ,
             508558331971.2762     ,
             511972204948.3704     ,
             515484906772.4707     ,
             519099293447.0070     ,
             522818310104.2057     ,
             526644994774.3256     ,
             530582482318.2474     ,
             534634008531.3599     ,
             538802903290.0003     ,
             543092487676.9591     ,
             547506121617.5300     ,
             552047276411.8987     ,
             556719540273.9769     ,
             561526623130.1771     ,
             566472361627.9104     ,
             571560724364.0979     ,
             576795817344.5183     ,
             582181889685.4236     ,
             587723339569.4229     ,
             593424720468.3364     ,
             599290747646.3352     ,
             605326304957.4983     ,
             611536450382.9854     ,
             617926211108.9830     ,
             624500363792.4919     ,
             631263803548.7308     ,
             638221600122.5625     ,
             645379004455.2272     ,
             652741455532.1862     ,
             660314587524.9526     ,
             668104237240.5151     ,
             676116451892.5173     ,
             684357497209.1902     ,
             692833865893.6963     ,
             701552286453.3623     ,
             710519732415.1292     ,
             719743425317.2395     ,
             729230021512.9594     ,
             738984765836.7061     ,
             749012859602.4434     ,
             759319644344.1511     ,
             769910602915.2556     ,
             780791360577.3833     ,
             791967686073.2826     ,
             803445492678.5344     ,
             815230839226.5587     ,
             827329931101.2261     ,
             839749121191.1976     ,
             852494910799.9181     ,
             865573950511.3904     ,
             878994118143.4323     ,
             892767649629.3771     ,
             906908260920.0244     ,
             921430239564.8431     ,
             936348472628.6304     ,
             951678476162.7451     ,
             967436426324.0786     ,
             983639192241.1580     ,
             1000304370733.234     ,
             1017450322995.327     ,
             1035096213369.650     ,
             1053262050331.936     ,
             1071977896986.595     ,
             1091337505849.283     ,
             1111466695868.259     ,
             1132500095997.923     ,
             1154581936295.971     ,
             1177867081308.404     ,
             1202522253988.212     ,
             1228727474271.957     ,
             1256677740546.547     ,
             1286584987193.373     ,
             1318680357354.176     ,
             1353246858050.273     ,
             1390738557511.836     ,
             1431701203935.537     ,
             1476743819983.240     ,
             1526550801060.994     ,
             1581896768150.167     ,
             1643664761263.640     ,
             1712868523326.544     ,
             1790679830194.860     ,
             1878454007006.521     ,
             1977652958338.711     ,
             2089892102271.506     ,
             2217066718205.304     ,
             2361411253277.834     ,
             2525569445129.343     ,
             2712680672427.974     ,
             2926486705973.751     ,
             3170787285304.219     ,
             3447042646073.448     ,
             3755565064067.822     ,
             4095841098320.349     ,
             4466220628691.724     ,
             4863650223508.980     ,
             5289713836522.179     ,
             5758587698781.697     ,
             6290398302737.761     ,
             6910107652226.495     ,
             7623241902114.398     ,
 T0_IN =    1.484511658562550     ,
            1.488602943017084     ,
            1.491000136194387     ,
            1.491031203836650     ,
            1.489329469490484     ,
            1.486614288666311     ,
            1.483553839682142     ,
            1.480342318174598     ,
            1.476911131643311     ,
            1.473189547831585     ,
            1.469107714613280     ,
            1.464596852903096     ,
            1.459605776554560     ,
            1.454148275283837     ,
            1.448253996788561     ,
            1.441952550816400     ,
            1.435273431863261     ,
            1.428245947614911     ,
            1.420899153169478     ,
            1.413261631706852     ,
            1.405355260569593     ,
            1.397193384896893     ,
            1.388788753963431     ,
            1.380154085756452     ,
            1.371302054902768     ,
            1.362245280869366     ,
            1.352996316432328     ,
            1.343567636410747     ,
            1.333971626698794     ,
            1.324220913357704     ,
            1.314329157393870     ,
            1.304310074731534     ,
            1.294177164925325     ,
            1.283943700415466     ,
            1.273622716671580     ,
            1.263227003209882     ,
            1.252769095468411     ,
            1.242261267525018     ,
            1.231715525642844     ,
            1.221143597285492     ,
            1.210555144531302     ,
            1.199955273430297     ,
            1.189348380657869     ,
            1.178738820070298     ,
            1.168130899362323     ,
            1.157528876628569     ,
            1.146936956853015     ,
            1.136359288351188     ,
            1.125799959190068     ,
            1.115262993610751     ,
            1.104752348478715     ,
            1.094271909786145     ,
            1.083825305212871     ,
            1.073415317938104     ,
            1.063044476457191     ,
            1.052715260547024     ,
            1.042430098676022     ,
            1.032191365529131     ,
            1.022001379661273     ,
            1.011862401290272     ,
            1.001776630239043     ,
           0.9917462040355430     ,
           0.9817731961776833     ,
           0.9718596145690417     ,
           0.9620074001299134     ,
           0.9522183802402781     ,
           0.9424939261949266     ,
           0.9328351577095212     ,
           0.9232431449409019     ,
           0.9137189096156323     ,
           0.9042634246497619     ,
           0.8948776138958922     ,
           0.8855623520139685     ,
           0.8763184644616885     ,
           0.8671467275999342     ,
           0.8580478689082279     ,
           0.8490225673048459     ,
           0.8400714535659375     ,
           0.8311951108377424     ,
           0.8223940402918557     ,
           0.8136684071463821     ,
           0.8050181989424841     ,
           0.7964433747809548     ,
           0.7879438672732516     ,
           0.7795195834101546     ,
           0.7711704054428816     ,
           0.7628961917731689     ,
           0.7546967778490056     ,
           0.7465719770629058     ,
           0.7385215816498067     ,
           0.7305453635818642     ,
           0.7226430754576263     ,
           0.7148144513832597     ,
           0.7070592057669712     ,
           0.6993768841381273     ,
           0.6917667710184537     ,
           0.6842281291768004     ,
           0.6767602248432131     ,
           0.6693623282179616     ,
           0.6620337139470234     ,
           0.6547736615651379     ,
           0.6475814559075449     ,
           0.6404563874915423     ,
           0.6333977528689915     ,
           0.6264048549508935     ,
           0.6194770033051614     ,
           0.6126135144286908     ,
           0.6058137119948322     ,
           0.5990768789803524     ,
           0.5924018072630400     ,
           0.5857870233047762     ,
           0.5792310932684744     ,
           0.5727326266954679     ,
           0.5662902760307259     ,
           0.5599027361331116     ,
           0.5535687437726918     ,
           0.5472870771168871     ,
           0.5410565552070677     ,
           0.5348760374270254     ,
           0.5287444229645725     ,
           0.5226606502673925     ,
           0.5166236964941061     ,
           0.5106325727721698     ,
           0.5046857693593351     ,
           0.4987807336201406     ,
           0.4929148933515821     ,
           0.4870857912836839     ,
           0.4812910836773731     ,
           0.4755285389831150     ,
           0.4697960365561730     ,
           0.4640915654239874     ,
           0.4584132231008860     ,
           0.4527592144450425     ,
           0.4471278505523981     ,
           0.4415175476820525     ,
           0.4359268262074679     ,
           0.4303542971573845     ,
           0.4247971577454515     ,
           0.4192498574284363     ,
           0.4137068357600854     ,
           0.4081628730840081     ,
           0.4026130905477248     ,
           0.3970529505991576     ,
           0.3914782578855496     ,
           0.3858851604732415     ,
           0.3802701513052617     ,
           0.3746300698123655     ,
           0.3689621035919830     ,
           0.3632637900685873     ,
           0.3575330180345988     ,
           0.3517657848502192     ,
           0.3459502299740302     ,
           0.3400736017469144     ,
           0.3341243520825725     ,
           0.3280921625501483     ,
           0.3219679726856082     ,
           0.3157440094381770     ,
           0.3094138166313065     ,
           0.3029722832959438     ,
           0.2964156697194323     ,
           0.2897416300485116     ,
           0.2829492302917417     ,
           0.2760380507965556     ,
           0.2690032989711784     ,
           0.2618400020764875     ,
           0.2545456238777365     ,
           0.2471200872059815     ,
           0.2395657741272873     ,
           0.2318875084551706     ,
           0.2240925180982005     ,
           0.2161903750650308     ,
           0.2081929113457678     ,
           0.2001141093499768     ,
           0.1919702320903990     ,
           0.1837805407298212     ,
           0.1755660596731856     ,
           0.1673489690026311     ,
           0.1591523607832894     ,
           0.1509999804098283     ,
           0.1429159563221933     ,
           0.1349245218397709     ,
           0.1270497331863178     ,
           0.1193147432728507     ,
           0.1117359784841469     ,
           0.1043262687103572     ,
           9.7099905135465486E-002,
           9.0072306248090969E-002,
           8.3259542938101366E-002,
           7.6677861495280775E-002,
           7.0343212878105577E-002,
           6.4284592308468530E-002,
           5.8576058575189299E-002,
           5.3278828429640601E-002,
           4.8428725198288544E-002,
           4.4041055276845126E-002,
           4.0114567336991952E-002,
           3.6567766198257814E-002,
           3.3222919863307471E-002,
           2.9947342848224666E-002,
           2.6674335762285808E-002,
           2.3549931981213728E-002,
 F0W_IN =   1.8294484572133180E+021,
 DN0OUT =    5000000000000.000     
 /
 &DNUBEAM_DIFB
 DIFB_0 =    5000.000000000000     ,
 DIFB_A =    5000.000000000000     ,
 DIFB_IN =    1.000000000000000     ,
 DIFB_OUT =    1.000000000000000     ,
 NKDIFB =            0
 /
