 Global NB Heating and Current Drive Parameters
 ----------------------------------------------
 TOTALS:
 Total Absorbed Power      =    4.6000 MW
 Total Lost Power          =     .0000 MW
 Total NB Driven Current   =   .12259E+06 A
 Total NBCD Efficiency     =   .26650E-01 A/W
 Total Beam Beta           =   .15090E-02
 Taus                      =   .25679E-02 s
 Volp                      =   .17757E+02 m3

 Information per Beamline and Energy Group:
 -----------------------------------------
                       Beam 1          Beam 2          Beam 3
                       ------          ------          ------
 Absorbed Power      .46000E+01
 Lost Power          .00000E+00
 NB driven current   .12259E+06
 NBCD efficiency     .26650E-01
 NBCD gamma          .13014E-01

 Beam Shinethrough
    energy group 1   .00000E+00
    energy group 2   .00000E+00
    energy group 3   .00000E+00

 Beam-Target Parameters
 ----------------------
 Total Beam-Target Fusion Power   =   .26050E-03 MW
 Total Power to Charged Particles =   .17189E-03 MW
 Total DT Neutron Rate            =   .00000E+00 n/s
 Total DD Neutron Rate            =   .22572E+15 n/s

 Neutral Beam Deposition Profiles
 --------------------------------
 Beam  1
     rho      hofr_1       hofr_2       hofr_3
   .00000   .59976E+01   .45254E+01   .34081E+01
   .02000   .12143E+02   .91657E+01   .69057E+01
   .04000   .80229E+01   .60650E+01   .45767E+01
   .06000   .71124E+01   .53904E+01   .40784E+01
   .08000   .66318E+01   .50442E+01   .38306E+01
   .10000   .62760E+01   .47959E+01   .36596E+01
   .12000   .59631E+01   .45828E+01   .35175E+01
   .14000   .56653E+01   .43835E+01   .33879E+01
   .16000   .53718E+01   .41890E+01   .32635E+01
   .18000   .50801E+01   .39975E+01   .31429E+01
   .20000   .38927E+01   .31136E+01   .24905E+01
   .22000   .33362E+01   .27095E+01   .22013E+01
   .24000   .29553E+01   .24380E+01   .20118E+01
   .26000   .26654E+01   .22345E+01   .18731E+01
   .28000   .24326E+01   .20732E+01   .17654E+01
   .30000   .22403E+01   .19419E+01   .16801E+01
   .32000   .20772E+01   .18319E+01   .16103E+01
   .34000   .19364E+01   .17378E+01   .15519E+01
   .36000   .18135E+01   .16566E+01   .15029E+01
   .38000   .17042E+01   .15846E+01   .14600E+01
   .40000   .16060E+01   .15199E+01   .14220E+01
   .42000   .15172E+01   .14613E+01   .13877E+01
   .44000   .14361E+01   .14077E+01   .13566E+01
   .46000   .13612E+01   .13574E+01   .13269E+01
   .48000   .12916E+01   .13101E+01   .12986E+01
   .50000   .12268E+01   .12654E+01   .12714E+01
   .52000   .11660E+01   .12226E+01   .12448E+01
   .54000   .11083E+01   .11808E+01   .12177E+01
   .56000   .10534E+01   .11398E+01   .11901E+01
   .58000   .10011E+01   .10998E+01   .11621E+01
   .60000   .95065E+00   .10596E+01   .11326E+01
   .62000   .90222E+00   .10198E+01   .11022E+01
   .64000   .85559E+00   .98022E+00   .10709E+01
   .66000   .81030E+00   .94040E+00   .10380E+01
   .68000   .76611E+00   .89989E+00   .10030E+01
   .70000   .72330E+00   .85949E+00   .96701E+00
   .72000   .68151E+00   .81858E+00   .92924E+00
   .74000   .64051E+00   .77693E+00   .88939E+00
   .76000   .60043E+00   .73480E+00   .84783E+00
   .78000   .56119E+00   .69215E+00   .80453E+00
   .80000   .52282E+00   .64905E+00   .75961E+00
   .82000   .48530E+00   .60540E+00   .71290E+00
   .84000   .44878E+00   .56133E+00   .66460E+00
   .86000   .41370E+00   .51696E+00   .61476E+00
   .88000   .38213E+00   .47296E+00   .56379E+00
   .90000   .35185E+00   .42851E+00   .51112E+00
   .92000   .31212E+00   .38099E+00   .45618E+00
   .94000   .27004E+00   .33197E+00   .39919E+00
   .96000   .22135E+00   .28000E+00   .33947E+00
   .98000   .17225E+00   .22574E+00   .27619E+00
  1.00000   .00000E+00   .00000E+00   .00000E+00

 Pitch Angle at Birth
 --------------------------------
 Angle  1
     rho      zeta_1       zeta_2       zeta_3
   .00000   .64517E+00   .64494E+00   .64482E+00
   .01196   .64511E+00   .64484E+00   .64468E+00
   .02392   .64493E+00   .64453E+00   .64426E+00
   .03588   .64463E+00   .64400E+00   .64357E+00
   .04784   .64420E+00   .64325E+00   .64258E+00
   .05980   .64363E+00   .64227E+00   .64130E+00
   .07176   .64293E+00   .64106E+00   .63972E+00
   .08372   .64208E+00   .63960E+00   .63784E+00
   .09568   .64107E+00   .63789E+00   .63565E+00
   .10764   .63988E+00   .63590E+00   .63313E+00
   .11960   .63709E+00   .63134E+00   .62747E+00
   .13156   .63457E+00   .62731E+00   .62260E+00
   .14352   .63200E+00   .62329E+00   .61782E+00
   .15548   .62933E+00   .61920E+00   .61306E+00
   .16744   .62657E+00   .61505E+00   .60831E+00
   .17940   .62371E+00   .61083E+00   .60358E+00
   .19136   .62076E+00   .60657E+00   .59888E+00
   .20332   .61774E+00   .60230E+00   .59425E+00
   .21528   .61465E+00   .59800E+00   .58966E+00
   .22724   .61152E+00   .59373E+00   .58516E+00
   .23920   .60836E+00   .58948E+00   .58075E+00
   .25116   .60517E+00   .58528E+00   .57642E+00
   .26312   .60198E+00   .58112E+00   .57219E+00
   .27508   .59879E+00   .57702E+00   .56806E+00
   .28704   .59562E+00   .57298E+00   .56402E+00
   .29900   .59247E+00   .56901E+00   .56007E+00
   .31096   .58935E+00   .56511E+00   .55622E+00
   .32292   .58629E+00   .56129E+00   .55246E+00
   .33488   .58331E+00   .55756E+00   .54879E+00
   .34684   .58037E+00   .55390E+00   .54520E+00
   .35880   .57755E+00   .55033E+00   .54171E+00
   .37076   .57482E+00   .54685E+00   .53829E+00
   .38272   .57221E+00   .54346E+00   .53496E+00
   .39468   .56971E+00   .54014E+00   .53169E+00
   .40664   .56739E+00   .53694E+00   .52851E+00
   .41860   .56524E+00   .53382E+00   .52539E+00
   .43056   .56330E+00   .53081E+00   .52235E+00
   .44252   .56161E+00   .52790E+00   .51938E+00
   .45448   .56024E+00   .52512E+00   .51648E+00
   .46644   .55925E+00   .52247E+00   .51366E+00
   .47840   .55875E+00   .51998E+00   .51092E+00
   .49036   .55895E+00   .51769E+00   .50827E+00
   .50232   .56016E+00   .51568E+00   .50573E+00
   .51428   .56316E+00   .51414E+00   .50335E+00
   .52624   .57070E+00   .51372E+00   .50132E+00
   .53820   .58138E+00   .51421E+00   .49957E+00
   .55016   .58192E+00   .51233E+00   .49720E+00
   .56212   .57962E+00   .50981E+00   .49469E+00
   .57408   .56566E+00   .50440E+00   .49136E+00
   .58604   .54648E+00   .49786E+00   .48774E+00
   .59800   .00000E+00   .00000E+00   .00000E+00

   rho     jnbtot      pNBe        pNBi        nbfast      pressb      pfusb      dvol      dA
  .0000   .3520E+06   .6377E+00   .8081E+00   .4851E+19   .1788E+05   .1410E-03   .1491E-02   .1421E-03
  .0200   .8108E+06   .1292E+01   .1636E+01   .9821E+19   .3619E+05   .2853E-03   .1193E-01   .1137E-02
  .0400   .5609E+06   .8546E+00   .1080E+01   .6490E+19   .2390E+05   .1882E-03   .2388E-01   .2275E-02
  .0600   .5136E+06   .7592E+00   .9572E+00   .5755E+19   .2118E+05   .1663E-03   .3585E-01   .3416E-02
  .0800   .4913E+06   .7101E+00   .8918E+00   .5368E+19   .1973E+05   .1545E-03   .4785E-01   .4560E-02
  .1000   .4748E+06   .6746E+00   .8430E+00   .5083E+19   .1865E+05   .1454E-03   .5991E-01   .5710E-02
  .1200   .4593E+06   .6441E+00   .7999E+00   .4833E+19   .1769E+05   .1373E-03   .7203E-01   .6865E-02
  .1400   .4432E+06   .6154E+00   .7588E+00   .4595E+19   .1678E+05   .1294E-03   .8423E-01   .8027E-02
  .1600   .4259E+06   .5874E+00   .7182E+00   .4361E+19   .1588E+05   .1217E-03   .9651E-01   .9198E-02
  .1800   .4076E+06   .5597E+00   .6778E+00   .4128E+19   .1499E+05   .1139E-03   .1089E+00   .1038E-01
  .2000   .3151E+06   .4329E+00   .5194E+00   .3172E+19   .1146E+05   .8628E-04   .1214E+00   .1157E-01
  .2200   .2723E+06   .3747E+00   .4447E+00   .2725E+19   .9803E+04   .7301E-04   .1340E+00   .1277E-01
  .2400   .2429E+06   .3356E+00   .3933E+00   .2420E+19   .8661E+04   .6377E-04   .1468E+00   .1399E-01
  .2600   .2204E+06   .3062E+00   .3541E+00   .2188E+19   .7787E+04   .5662E-04   .1597E+00   .1522E-01
  .2800   .2021E+06   .2830E+00   .3223E+00   .2001E+19   .7081E+04   .5079E-04   .1728E+00   .1646E-01
  .3000   .1869E+06   .2642E+00   .2960E+00   .1847E+19   .6494E+04   .4590E-04   .1860E+00   .1773E-01
  .3200   .1738E+06   .2485E+00   .2734E+00   .1716E+19   .5993E+04   .4169E-04   .1995E+00   .1901E-01
  .3400   .1624E+06   .2352E+00   .2538E+00   .1602E+19   .5556E+04   .3800E-04   .2131E+00   .2031E-01
  .3600   .1523E+06   .2239E+00   .2365E+00   .1503E+19   .5172E+04   .3473E-04   .2269E+00   .2163E-01
  .3800   .1431E+06   .2140E+00   .2209E+00   .1414E+19   .4827E+04   .3178E-04   .2410E+00   .2297E-01
  .4000   .1348E+06   .2053E+00   .2068E+00   .1334E+19   .4513E+04   .2910E-04   .2553E+00   .2433E-01
  .4200   .1271E+06   .1976E+00   .1938E+00   .1261E+19   .4226E+04   .2665E-04   .2699E+00   .2572E-01
  .4400   .1200E+06   .1907E+00   .1818E+00   .1193E+19   .3961E+04   .2440E-04   .2847E+00   .2714E-01
  .4600   .1133E+06   .1845E+00   .1705E+00   .1130E+19   .3713E+04   .2230E-04   .2999E+00   .2858E-01
  .4800   .1070E+06   .1788E+00   .1599E+00   .1070E+19   .3480E+04   .2035E-04   .3153E+00   .3004E-01
  .5000   .1010E+06   .1736E+00   .1499E+00   .1014E+19   .3259E+04   .1853E-04   .3310E+00   .3154E-01
  .5200   .9531E+05   .1689E+00   .1404E+00   .9607E+18   .3050E+04   .1682E-04   .3470E+00   .3307E-01
  .5400   .8978E+05   .1643E+00   .1312E+00   .9090E+18   .2849E+04   .1522E-04   .3633E+00   .3462E-01
  .5600   .8444E+05   .1601E+00   .1223E+00   .8589E+18   .2655E+04   .1372E-04   .3800E+00   .3621E-01
  .5800   .7925E+05   .1560E+00   .1138E+00   .8103E+18   .2469E+04   .1230E-04   .3970E+00   .3784E-01
  .6000   .7417E+05   .1521E+00   .1055E+00   .7624E+18   .2287E+04   .1097E-04   .4144E+00   .3950E-01
  .6200   .6922E+05   .1482E+00   .9750E-01   .7155E+18   .2112E+04   .9731E-05   .4322E+00   .4119E-01
  .6400   .6437E+05   .1445E+00   .8972E-01   .6695E+18   .1942E+04   .8572E-05   .4504E+00   .4292E-01
  .6600   .5961E+05   .1407E+00   .8215E-01   .6239E+18   .1777E+04   .7491E-05   .4689E+00   .4469E-01
  .6800   .5491E+05   .1369E+00   .7478E-01   .5787E+18   .1616E+04   .6489E-05   .4879E+00   .4650E-01
  .7000   .5032E+05   .1331E+00   .6766E-01   .5341E+18   .1460E+04   .5567E-05   .5073E+00   .4835E-01
  .7200   .4580E+05   .1292E+00   .6076E-01   .4898E+18   .1309E+04   .4724E-05   .5271E+00   .5024E-01
  .7400   .4136E+05   .1252E+00   .5409E-01   .4459E+18   .1163E+04   .3956E-05   .5474E+00   .5217E-01
  .7600   .3703E+05   .1210E+00   .4768E-01   .4026E+18   .1022E+04   .3266E-05   .5682E+00   .5415E-01
  .7800   .3280E+05   .1166E+00   .4156E-01   .3598E+18   .8881E+03   .2652E-05   .5894E+00   .5618E-01
  .8000   .2870E+05   .1120E+00   .3575E-01   .3179E+18   .7607E+03   .2112E-05   .6112E+00   .5825E-01
  .8200   .2476E+05   .1072E+00   .3027E-01   .2770E+18   .6408E+03   .1645E-05   .6334E+00   .6037E-01
  .8400   .2100E+05   .1022E+00   .2517E-01   .2375E+18   .5293E+03   .1249E-05   .6562E+00   .6253E-01
  .8600   .1748E+05   .9696E-01   .2049E-01   .1997E+18   .4273E+03   .9202E-06   .6794E+00   .6475E-01
  .8800   .1432E+05   .9192E-01   .1630E-01   .1646E+18   .3369E+03   .6574E-06   .7032E+00   .6702E-01
  .9000   .1139E+05   .8662E-01   .1255E-01   .1317E+18   .2567E+03   .4496E-06   .7276E+00   .6934E-01
  .9200   .8384E+04   .7898E-01   .9107E-02   .9940E+17   .1827E+03   .2820E-06   .7525E+00   .7172E-01
  .9400   .5753E+04   .7022E-01   .6198E-02   .7070E+17   .1213E+03   .1620E-06   .7781E+00   .7415E-01
  .9600   .3538E+04   .5941E-01   .3847E-02   .4618E+17   .7308E+02   .8185E-07   .8042E+00   .7664E-01
  .9800   .2004E+04   .4766E-01   .2174E-02   .2814E+17   .4079E+02   .3677E-07   .8309E+00   .7918E-01
 1.0000   .0000E+00   .0000E+00   .0000E+00   .0000E+00   .0000E+00   .0000E+00   .0000E+00   .0000E+00
