     0.125154     0.117955     0.110123     0.101626    0.0925816    0.0832535
    0.0740181    0.0653058    0.0604566    0.0629217    0.0656042    0.0657175
    0.0646794    0.0648443    0.0659379    0.0678898    0.0707375    0.0745823
    0.0796229    0.0862342    0.0951088     0.104136     0.111711     0.118404
     0.124531     0.130282     0.135773     0.141076     0.146224     0.151217
     0.156407     0.161908     0.167678     0.173710     0.179985     0.186508
     0.193138     0.199536     0.205767     0.211889     0.217960     0.224031
     0.230142     0.236317     0.242562     0.248873     0.255231     0.261612
     0.267983     0.274308     0.280545     0.286648     0.292572     0.298269
     0.303694     0.308804     0.313561     0.317933     0.321897     0.325436
     0.328543     0.331221     0.333477     0.335330     0.336799
     0.119296     0.110505     0.100757    0.0898934    0.0779269    0.0651571
    0.0540372    0.0480980    0.0480841    0.0542086    0.0597125    0.0627084
    0.0644661    0.0661971    0.0682553    0.0708068    0.0739822    0.0779128
    0.0827446    0.0886322    0.0956187     0.102884     0.109681     0.116021
     0.122003     0.127716     0.133230     0.138588     0.143808     0.148884
     0.154151     0.159731     0.165601     0.171764     0.178233     0.185038
     0.192044     0.198936     0.205770     0.212590     0.219431     0.226322
     0.233285     0.240332     0.247463     0.254672     0.261939     0.269239
     0.276534     0.283782     0.290932     0.297927     0.304708     0.311211
     0.317376     0.323142     0.328459     0.333282     0.337581     0.341335
     0.344541     0.347205     0.349346     0.350993     0.352183
     0.115167     0.105474    0.0944580    0.0814786    0.0662805    0.0548355
    0.0485308    0.0475935    0.0521954    0.0578779    0.0626025    0.0662809
    0.0692557    0.0719197    0.0745828    0.0774601    0.0807011    0.0844106
    0.0886512    0.0934268    0.0986504     0.104145     0.109725     0.115278
     0.120762     0.126176     0.131537     0.136866     0.142187     0.147545
     0.153062     0.158821     0.164847     0.171150     0.177738     0.184609
     0.191690     0.198879     0.206162     0.213548     0.221052     0.228685
     0.236456     0.244367     0.252414     0.260585     0.268857     0.277199
     0.285569     0.293913     0.302168     0.310261     0.318109     0.325627
     0.332724     0.339316     0.345326     0.350692     0.355369     0.359334
     0.362586     0.365144     0.367044     0.368337     0.369084
     0.113221     0.103747    0.0932673    0.0812696    0.0681920    0.0607637
    0.0597330    0.0616332    0.0641917    0.0670402    0.0698955    0.0726143
    0.0751916    0.0777078    0.0802737    0.0829967    0.0859652    0.0892423
    0.0928619    0.0968245     0.101097     0.105623     0.110338     0.115186
     0.120134     0.125167     0.130285     0.135499     0.140832     0.146316
     0.151992     0.157897     0.164058     0.170490     0.177199     0.184178
     0.191409     0.198875     0.206561     0.214464     0.222585     0.230929
     0.239498     0.248289     0.257297     0.266506     0.275894     0.285426
     0.295053     0.304714     0.314327     0.323797     0.333011     0.341843
     0.350159     0.357829     0.364732     0.370772     0.375880     0.380029
     0.383226     0.385513     0.386962     0.387663     0.387714
     0.112618     0.104208    0.0959283    0.0876175    0.0800547    0.0766887
    0.0751956    0.0749486    0.0755348    0.0766600    0.0781173    0.0797768
    0.0815759    0.0835032    0.0855798    0.0878417    0.0903268    0.0930668
    0.0960816    0.0993771     0.102945     0.106768     0.110823     0.115088
     0.119547     0.124191     0.129021     0.134044     0.139273     0.144727
     0.150426     0.156393     0.162645     0.169196     0.176054     0.183223
     0.190703     0.198494     0.206595     0.215008     0.223737     0.232786
     0.242159     0.251858     0.261878     0.272212     0.282838     0.293727
     0.304831     0.316082     0.327389     0.338627     0.349643     0.360249
     0.370237     0.379390     0.387506     0.394422     0.400029     0.404288
     0.407230     0.408948     0.409583     0.409299     0.408267
     0.110767     0.102708    0.0979601    0.0942050    0.0907736    0.0881559
    0.0864351    0.0854930    0.0851727    0.0853313    0.0858544    0.0866602
    0.0876984    0.0889453    0.0903975    0.0920645    0.0939623    0.0961076
    0.0985142     0.101191     0.104141     0.107362     0.110849     0.114598
     0.118604     0.122866     0.127388     0.132175     0.137238     0.142590
     0.148246     0.154219     0.160525     0.167175     0.174182     0.181554
     0.189300     0.197428     0.205946     0.214864     0.224192     0.233941
     0.244122     0.254745     0.265819     0.277346     0.289323     0.301735
     0.314551     0.327716     0.341140     0.354686     0.368155     0.381271
     0.393692     0.405033     0.414922     0.423057     0.429248     0.433440
     0.435719     0.436296     0.435464     0.433541     0.430821
     0.110957     0.103301     0.100425    0.0990978    0.0975497    0.0960545
    0.0947852    0.0938154    0.0931571    0.0927924    0.0926937    0.0928361
    0.0932020    0.0937837    0.0945821    0.0956055    0.0968669    0.0983816
     0.100165     0.102229     0.104585     0.107238     0.110193     0.113454
     0.117022     0.120904     0.125104     0.129630     0.134493     0.139703
     0.145272     0.151213     0.157540     0.164265     0.171402     0.178963
     0.186961     0.195411     0.204327     0.213726     0.223627     0.234049
     0.245014     0.256548     0.268674     0.281418     0.294804     0.308851
     0.323571     0.338955     0.354965     0.371505     0.388381     0.405238
     0.421496     0.436369     0.449080     0.459053     0.465949     0.469669
     0.470399     0.468647     0.465113     0.460445     0.455130
     0.113993     0.106804     0.104907     0.104520     0.103792     0.102874
     0.101887     0.100925     0.100048    0.0992969    0.0986939    0.0982549
    0.0979921    0.0979176    0.0980453    0.0983919    0.0989770    0.0998229
     0.100953     0.102389     0.104145     0.106235     0.108664     0.111441
     0.114573     0.118068     0.121935     0.126182     0.130819     0.135858
     0.141311     0.147189     0.153507     0.160277     0.167515     0.175236
     0.183455     0.192192     0.201466     0.211300     0.221719     0.232754
     0.244438     0.256811     0.269919     0.283813     0.298555     0.314213
     0.330865     0.348599     0.367501     0.387650     0.409076     0.431672
     0.454909     0.476299     0.493730     0.506595     0.514479     0.517065
     0.514189     0.507015     0.498358     0.489238     0.480167
     0.119426     0.112675     0.111092     0.111053     0.110585     0.109788
     0.108765     0.107611     0.106402     0.105204     0.104063     0.103019
     0.102102     0.101338     0.100752     0.100369     0.100216     0.100328
     0.100752     0.101521     0.102659     0.104179     0.106078     0.108364
     0.111051     0.114150     0.117669     0.121620     0.126012     0.130858
     0.136168     0.141956     0.148235     0.155019     0.162324     0.170166
     0.178564     0.187538     0.197111     0.207310     0.218167     0.229718
     0.242007     0.255086     0.269018     0.283878     0.299762     0.316787
     0.335100     0.354893     0.376417     0.400016     0.426176     0.455659
     0.489066     0.519237     0.542810     0.559635     0.569380     0.571199
     0.564775     0.549225     0.532465     0.517205     0.503493
     0.127018     0.120643     0.119147     0.119094     0.118471     0.117391
     0.115980     0.114349     0.112592     0.110785     0.108986     0.107244
     0.105595     0.104072     0.102701     0.101508     0.100513    0.0997422
    0.0993714    0.0994155    0.0999067     0.100899     0.102257     0.104030
     0.106254     0.108948     0.112109     0.115747     0.119876     0.124508
     0.129653     0.135326     0.141538     0.148305     0.155642     0.163564
     0.172091     0.181243     0.191045     0.201526     0.212717     0.224660
     0.237401     0.250997     0.265520     0.281056     0.297716     0.315640
     0.335010     0.356065     0.379132     0.404661     0.433295     0.465957
     0.503886     0.542615     0.572614     0.593685     0.605976     0.609356
     0.602638     0.585219     0.560250     0.539011     0.521120
     0.137065     0.131005     0.129677     0.129188     0.127879     0.126017
     0.123793     0.121347     0.118777     0.116157     0.113544     0.110982
     0.108506     0.106145     0.103921     0.101853    0.0999520    0.0984044
    0.0972477    0.0965117    0.0962235    0.0964055    0.0970654    0.0982317
    0.0999474     0.102278     0.105066     0.108371     0.112224     0.116623
     0.121584     0.127119     0.133242     0.139964     0.147298     0.155261
     0.163868     0.173140     0.183099     0.193772     0.205189     0.217388
     0.230411     0.244314     0.259161     0.275033     0.292031     0.310281
     0.329945     0.351230     0.374405     0.399820     0.427929     0.459311
     0.494689     0.534690     0.568652     0.592945     0.607883     0.613574
     0.610277     0.596782     0.572892     0.548413     0.528663
     0.151779     0.146613     0.144189     0.141963     0.138976     0.135638
     0.132119     0.128512     0.124877     0.121258     0.117689     0.114198
     0.110808     0.107542     0.104417     0.101457    0.0986867    0.0962999
    0.0943201    0.0927746    0.0916910    0.0910962    0.0910158    0.0914779
    0.0925116    0.0941430    0.0963836    0.0992733     0.102880     0.107028
     0.111779     0.117165     0.123182     0.129839     0.137146     0.145116
     0.153763     0.163103     0.173156     0.183942     0.195486     0.207817
     0.220970     0.234985     0.249913     0.265811     0.282752     0.300821
     0.320121     0.340774     0.362925     0.386737     0.412393     0.440085
     0.470016     0.502469     0.535527     0.559251     0.574841     0.582935
     0.583262     0.576446     0.561479     0.540294     0.523161
     0.171692     0.168843     0.162698     0.156394     0.150775     0.145480
     0.140379     0.135420     0.130582     0.125858     0.121250     0.116762
     0.112401     0.108177     0.104097     0.100164    0.0965595    0.0933274
    0.0905051    0.0881266    0.0862249    0.0848319    0.0839789    0.0836966
    0.0840154    0.0849635    0.0865673    0.0888541    0.0918477    0.0955561
     0.100018     0.105302     0.111210     0.117795     0.125059     0.133016
     0.141675     0.151049     0.161150     0.171992     0.183591     0.195965
     0.209135     0.223124     0.237960     0.253673     0.270296     0.287865
     0.306415     0.325978     0.346571     0.368188     0.390769     0.414161
     0.438029     0.461664     0.483651     0.502137     0.516010     0.524918
     0.528848     0.528034     0.523091     0.515363     0.506742
     0.186259     0.184156     0.176713     0.168535     0.161108     0.154213
     0.147699     0.141470     0.135466     0.129649     0.123999     0.118506
     0.113164     0.107975     0.102943    0.0980736    0.0935623    0.0894398
    0.0857397    0.0824966    0.0797460    0.0775234    0.0758641    0.0748027
    0.0743732    0.0746077    0.0755368    0.0771894    0.0795921    0.0827690
    0.0867461    0.0915480    0.0971873     0.103723     0.110933     0.118870
     0.127531     0.136924     0.147053     0.157925     0.169545     0.181920
     0.195053     0.208951     0.223619     0.239058     0.255267     0.272240
     0.289955     0.308379     0.327447     0.347055     0.367035     0.387129
     0.406953     0.425967     0.443502     0.458864     0.471498     0.481078
     0.487521     0.490978     0.491828     0.490645     0.488078
     0.195658     0.193690     0.186213     0.177331     0.168959     0.161029
     0.153464     0.146196     0.139175     0.132362     0.125732     0.119268
     0.112962     0.106814     0.100829    0.0950267    0.0895950    0.0845607
    0.0799568    0.0758199    0.0721886    0.0691023    0.0666009    0.0647236
    0.0635086    0.0629926    0.0632103    0.0641940    0.0659732    0.0685749
    0.0720231    0.0763389    0.0815392    0.0876395    0.0946423     0.102601
     0.111268     0.120692     0.130861     0.141773     0.153423     0.165805
     0.178911     0.192728     0.207244     0.222437     0.238280     0.254738
     0.271757     0.289268     0.307173     0.325338     0.343586     0.361686
     0.379346     0.396226     0.411954     0.426171     0.438576     0.448970
     0.457270     0.463520     0.467876     0.470579     0.471913
     0.202418     0.200472     0.192682     0.183383     0.174443     0.165829
     0.157500     0.149417     0.141545     0.133856     0.126328     0.118947
     0.111704     0.104595    0.0976138    0.0909314    0.0845928    0.0786390
    0.0731118    0.0680539    0.0635097    0.0595241    0.0561424    0.0534093
    0.0513686    0.0500620    0.0495290    0.0498059    0.0509257    0.0529175
    0.0558063    0.0596126    0.0643522    0.0700364    0.0766718    0.0842627
    0.0927998     0.102327     0.112571     0.123571     0.135301     0.147747
     0.160888     0.174700     0.189154     0.204214     0.219838     0.235973
     0.252553     0.269497     0.286701     0.304040     0.321359     0.338477
     0.355186     0.371258     0.386460     0.400573     0.413405     0.424814
     0.434716     0.443087     0.449962     0.455421     0.459573
     0.206912     0.204879     0.196796     0.187213     0.177894     0.168801
     0.159903     0.151172     0.142585     0.134124     0.125777     0.117535
     0.109397     0.101366    0.0934559    0.0858485    0.0785758    0.0716782
    0.0652002    0.0591900    0.0536975    0.0487739    0.0444710    0.0408398
    0.0379304    0.0357906    0.0344655    0.0339966    0.0344210    0.0357710
    0.0380737    0.0413506    0.0456171    0.0508828    0.0571514    0.0644215
    0.0726857    0.0819345    0.0921436     0.103346     0.115237     0.127846
     0.141132     0.155062     0.169596     0.184690     0.200293     0.216347
     0.232783     0.249521     0.266469     0.283517     0.300542     0.317405
     0.333954     0.350029     0.365470     0.380119     0.393837     0.406500
     0.418014     0.428308     0.437338     0.445084     0.451548
     0.209116     0.206840     0.198844     0.189152     0.179631     0.170223
     0.160894     0.151629     0.142421     0.133262     0.124150     0.115082
     0.106059    0.0970766    0.0883014    0.0797824    0.0715673    0.0637054
    0.0562490    0.0492530    0.0427744    0.0368718    0.0316041    0.0270300
    0.0232068    0.0201894    0.0180295    0.0167748    0.0164677    0.0171450
    0.0188369    0.0215670    0.0253515    0.0301994    0.0361123    0.0430851
    0.0511059    0.0601571    0.0702153    0.0812548    0.0932348     0.106175
     0.119742     0.133951     0.148741     0.164062     0.179861     0.196082
     0.212661     0.229526     0.246598     0.263790     0.281004     0.298136
     0.315076     0.331707     0.347910     0.363566     0.378559     0.392772
     0.406092     0.418407     0.429605     0.439581     0.448234
     0.209410     0.206614     0.198858     0.189564     0.180080     0.170473
     0.160788     0.151046     0.141261     0.131441     0.121593     0.111724
     0.101844    0.0919719    0.0822871    0.0728292    0.0636460    0.0547916
    0.0463243    0.0383059    0.0308012    0.0238765    0.0175990    0.0120357
   0.00725215   0.00331161  0.000273563  -0.00180722  -0.00288174  -0.00290769
  -0.00185031  0.000317072   0.00361257   0.00804554    0.0136166    0.0203181
    0.0281341    0.0370416    0.0470111    0.0580079    0.0699921    0.0829227
    0.0967435     0.111460     0.126705     0.142450     0.158658     0.175279
     0.192256     0.209530     0.227037     0.244709     0.262474     0.280259
     0.297985     0.315572     0.332935     0.349984     0.366625     0.382749
     0.398230     0.412915     0.426623     0.439136     0.450221
     0.210053     0.206935     0.199062     0.189638     0.179953     0.170044
     0.159954     0.149715     0.139345     0.128861     0.118271     0.107583
    0.0968012    0.0860883    0.0754998    0.0650900    0.0549165    0.0450409
    0.0355293    0.0264513    0.0178796   0.00988947   0.00255694  -0.00404174
  -0.00983166   -0.0147405   -0.0186998   -0.0216464   -0.0235237   -0.0242826
   -0.0238828   -0.0222933   -0.0194931   -0.0154714   -0.0102278  -0.00377173
   0.00387783    0.0126933    0.0226398    0.0336761    0.0457568    0.0588343
    0.0728620    0.0878020     0.103622     0.119932     0.136735     0.153962
     0.171557     0.189469     0.207649     0.226050     0.244625     0.263329
     0.282116     0.300940     0.319755     0.338511     0.357148     0.375589
     0.393725     0.411392     0.428342     0.444208     0.458507
     0.211171     0.207870     0.199655     0.189752     0.179620     0.169260
     0.158679     0.147888     0.136901     0.125730     0.114386     0.102882
    0.0912377    0.0796304    0.0681047    0.0567149    0.0455227    0.0345955
    0.0240061    0.0138320   0.00415459  -0.00494214   -0.0133724   -0.0210500
   -0.0278899   -0.0338097   -0.0387309   -0.0425809   -0.0452944   -0.0468145
   -0.0470941   -0.0460968   -0.0437979   -0.0401843   -0.0352549   -0.0290204
   -0.0215025   -0.0127329  -0.00275235   0.00839103    0.0206435    0.0339472
    0.0482421    0.0634664    0.0795540    0.0964275     0.114084     0.132125
     0.150523     0.169247     0.188270     0.207566     0.227111     0.246890
     0.266890     0.287105     0.307535     0.328185     0.349060     0.370160
     0.391466     0.412914     0.434341     0.455334     0.474847
     0.212214     0.208713     0.199957     0.189661     0.179093     0.168251
     0.157136     0.145756     0.134117     0.122227     0.110092    0.0977115
    0.0852409    0.0727377    0.0602598    0.0478695    0.0356346    0.0236292
    0.0119332  0.000631814   -0.0101849   -0.0204236   -0.0299884   -0.0387826
   -0.0467103   -0.0536781   -0.0595969   -0.0643834   -0.0679626   -0.0702688
   -0.0712470   -0.0708548   -0.0690626   -0.0658543   -0.0612278   -0.0551943
   -0.0477778   -0.0390145   -0.0289505   -0.0176412  -0.00514843   0.00846086
    0.0231173    0.0387512    0.0552949    0.0726874    0.0908828     0.109845
     0.129158     0.148801     0.168762     0.189031     0.209609     0.230505
     0.251738     0.273343     0.295368     0.317884     0.340980     0.364775
     0.389415     0.415085     0.442017     0.470495     0.499319
     0.212781     0.209020     0.200142     0.189483     0.178483     0.167145
     0.155476     0.143481     0.131169     0.118546     0.105619    0.0923920
    0.0790388    0.0656079    0.0521553    0.0387453    0.0254494    0.0123468
 -0.000476094   -0.0129266   -0.0249062   -0.0363120   -0.0470379   -0.0569764
   -0.0660201   -0.0740640   -0.0810072   -0.0867556   -0.0912232   -0.0943346
   -0.0960264   -0.0962490   -0.0949673   -0.0921618   -0.0878286   -0.0819790
   -0.0746396   -0.0658503   -0.0556634   -0.0441411   -0.0313539   -0.0173779
  -0.00229204    0.0138247    0.0308963    0.0488528    0.0676343    0.0871919
     0.107491     0.128108     0.149039     0.170289     0.191873     0.213821
     0.236175     0.259002     0.282392     0.306466     0.331390     0.357383
     0.384741     0.413868     0.445328     0.479961     0.516054
     0.213574     0.209578     0.200434     0.189406     0.177960     0.166105
     0.153853     0.141216     0.128204     0.114827     0.101094    0.0870196
    0.0727777    0.0584125    0.0439798    0.0295452    0.0151836  0.000978877
   -0.0129769   -0.0265837   -0.0397348   -0.0523179   -0.0642167   -0.0753123
   -0.0854858   -0.0946201    -0.102602    -0.109326    -0.114695    -0.118622
    -0.121035    -0.121877    -0.121107    -0.118700    -0.114652    -0.108973
    -0.101692   -0.0928536   -0.0825153   -0.0707473   -0.0576290   -0.0432466
   -0.0276897   -0.0110487   0.00658862    0.0251404    0.0445334    0.0647065
    0.0856125     0.107222     0.129112     0.151294     0.173791     0.196642
     0.219902     0.243651     0.267997     0.293084     0.319107     0.346324
     0.375083     0.405848     0.439233     0.476023     0.515321
     0.215000     0.210836     0.201072     0.189659     0.177729     0.165304
     0.152418     0.139095     0.125348     0.111182    0.0965909    0.0817160
    0.0666101    0.0513276    0.0359292    0.0204842   0.00507099   -0.0102220
   -0.0252972   -0.0400477   -0.0543590   -0.0681095   -0.0811727   -0.0934187
    -0.104717    -0.114938    -0.123956    -0.131653    -0.137921    -0.142662
    -0.145795    -0.147253    -0.146990    -0.144976    -0.141205    -0.135686
    -0.128452    -0.119549    -0.109043   -0.0970112   -0.0835429   -0.0687348
   -0.0526886   -0.0355073   -0.0172919   0.00186195    0.0218670    0.0426476
    0.0641425    0.0863076     0.109119     0.132155     0.155437     0.179002
     0.202902     0.227212     0.252031     0.277486     0.303749     0.331041
     0.359656     0.389992     0.422599     0.458245     0.496333
     0.216321     0.211792     0.202428     0.190636     0.178036     0.164893
     0.151281     0.137223     0.122725     0.107783    0.0923854    0.0766860
    0.0607229    0.0445446    0.0282096    0.0117873  -0.00464188   -0.0209864
   -0.0371438   -0.0530013   -0.0684367   -0.0833199   -0.0975145    -0.110880
    -0.123274    -0.134554    -0.144585    -0.153234    -0.160381    -0.165919
    -0.169755    -0.171816    -0.172048    -0.170417    -0.166913    -0.161547
    -0.154351    -0.145379    -0.134700    -0.122401    -0.108581   -0.0933480
   -0.0768158   -0.0591010   -0.0403185   -0.0205789  1.56267e-05    0.0213737
    0.0434178    0.0660867    0.0893378     0.113149     0.137091     0.161187
     0.185475     0.210013     0.234869     0.260127     0.285890     0.312281
     0.339449     0.367574     0.396881     0.427722     0.460075
     0.221330     0.217437     0.206121     0.192561     0.178838     0.164803
     0.150397     0.135589     0.120353     0.104668    0.0885089    0.0720277
    0.0552547    0.0382329    0.0210181   0.00367865   -0.0137042   -0.0310363
   -0.0482112   -0.0651107   -0.0816058   -0.0975583    -0.112823    -0.127248
    -0.140681    -0.152968    -0.163961    -0.173516    -0.181502    -0.187801
    -0.192309    -0.194946    -0.195651    -0.194386    -0.191137    -0.185916
    -0.178757    -0.169717    -0.158872    -0.146317    -0.132160    -0.116521
   -0.0995271   -0.0813069   -0.0619902   -0.0417023   -0.0205607   0.00132765
    0.0238689    0.0469848    0.0706133    0.0947083     0.119234     0.143711
     0.168191     0.192715     0.217315     0.242022     0.266864     0.291852
     0.316973     0.342158     0.367221     0.391726     0.414772
     0.224423     0.220582     0.208351     0.193979     0.179453     0.164676
     0.149575     0.134096     0.118196     0.101840    0.0850041    0.0678264
    0.0503291    0.0325505    0.0145439  -0.00362289   -0.0218676   -0.0400939
   -0.0581917   -0.0760379   -0.0934976    -0.110425    -0.126667    -0.142062
    -0.156447    -0.169658    -0.181536    -0.191926    -0.200686    -0.207686
    -0.212817    -0.215989    -0.217133    -0.216208    -0.213199    -0.208116
    -0.200994    -0.191895    -0.180901    -0.168114    -0.153652    -0.137645
    -0.120231    -0.101554   -0.0817567   -0.0609778   -0.0393498   -0.0169944
   0.00598019    0.0294827    0.0534420    0.0778132     0.102589     0.127249
     0.151772     0.176149     0.200370     0.224420     0.248270     0.271866
     0.295113     0.317857     0.339856     0.360758     0.380101
     0.225294     0.221300     0.209249     0.194518     0.179542     0.164277
     0.148670     0.132667     0.116217    0.0992702    0.0819146    0.0641716
    0.0460702    0.0276514   0.00896961  -0.00990639   -0.0288928   -0.0478910
   -0.0667875   -0.0854551    -0.103753    -0.121530    -0.138624    -0.154867
    -0.170087    -0.184109    -0.196765    -0.207891    -0.217334    -0.224957
    -0.230640    -0.234287    -0.235824    -0.235207    -0.232415    -0.227461
    -0.220380    -0.211237    -0.200120    -0.187137    -0.172415    -0.156094
    -0.138323    -0.119257   -0.0990501   -0.0778561   -0.0558206   -0.0330798
  -0.00975754    0.0140369    0.0382102    0.0626855    0.0873997     0.112295
     0.136878     0.161117     0.184987     0.208453     0.231467     0.253956
     0.275815     0.296904     0.317039     0.335996     0.353527
     0.225698     0.221610     0.209306     0.194367     0.179151     0.163608
     0.147689     0.131341     0.114515    0.0971630    0.0793862    0.0611958
    0.0426173    0.0236905   0.00446989   -0.0149749   -0.0345586   -0.0541806
   -0.0737247   -0.0930599    -0.112041    -0.130512    -0.148304    -0.165244
    -0.181149    -0.195841    -0.209141    -0.220876    -0.230887    -0.239029
    -0.245175    -0.249223    -0.251094    -0.250740    -0.248139    -0.243302
    -0.236266    -0.227099    -0.215893    -0.202762    -0.187840    -0.171273
    -0.153222    -0.133849    -0.113321   -0.0918025   -0.0694499   -0.0464122
   -0.0228264   0.00118396    0.0255093    0.0500542    0.0747348    0.0994748
     0.124199     0.148362     0.171967     0.194991     0.217389     0.239096
     0.260026     0.280070     0.299102     0.316980     0.333561
     0.225393     0.221214     0.208632     0.193648     0.178385     0.162761
     0.146714     0.130195     0.113156    0.0955548    0.0774994    0.0590025
    0.0400905    0.0208037   0.00119766   -0.0186571   -0.0386739   -0.0587504
   -0.0787683   -0.0985937    -0.118079    -0.137062    -0.155372    -0.172829
    -0.189247    -0.204439    -0.218222    -0.230418    -0.240860    -0.249397
    -0.255899    -0.260257    -0.262391    -0.262246    -0.259803    -0.255069
    -0.248085    -0.238917    -0.227663    -0.214439    -0.199385    -0.182654
    -0.164412    -0.144830    -0.124083    -0.102341   -0.0797711   -0.0565308
   -0.0327659  -0.00860857    0.0158235    0.0404284    0.0651202    0.0898303
     0.114510     0.138549     0.161933     0.184633     0.206608     0.227801
     0.248145     0.267557     0.285948     0.303226     0.319298
     0.223582     0.219168     0.207080     0.192417     0.177390     0.161897
     0.145894     0.129354     0.112246    0.0945378    0.0763460    0.0576879
    0.0385928    0.0191030 -0.000724532   -0.0208180   -0.0410897   -0.0614360
   -0.0817368    -0.101857    -0.121646    -0.140941    -0.159568    -0.177343
    -0.194078    -0.209583    -0.223670    -0.236157    -0.246875    -0.255669
    -0.262404    -0.266970    -0.269283    -0.269289    -0.266965    -0.262318
    -0.255389    -0.246246    -0.234988    -0.221733    -0.206625    -0.189820
    -0.171488    -0.151804    -0.130948    -0.109095   -0.0864172   -0.0630771
   -0.0392254   -0.0149991   0.00947993    0.0341067    0.0587935    0.0834709
     0.108088     0.132018     0.155240     0.177726     0.199436     0.220322
     0.240325     0.259383     0.277425     0.294383     0.310192
     0.220578     0.215479     0.204793     0.191194     0.176597     0.161324
     0.145447     0.128978     0.111907    0.0942097    0.0760107    0.0573307
    0.0382014    0.0186673  -0.00121381   -0.0213690   -0.0417098   -0.0621321
   -0.0825154    -0.102724    -0.122607    -0.142001    -0.160730    -0.178612
    -0.195455    -0.211071    -0.225268    -0.237866    -0.248693    -0.257592
    -0.264430    -0.269093    -0.271497    -0.271586    -0.269338    -0.264760
    -0.257890    -0.248799    -0.237583    -0.224364    -0.209284    -0.192500
    -0.174184    -0.154512    -0.133664    -0.111819   -0.0891496   -0.0658196
   -0.0419815   -0.0177740   0.00667996    0.0312739    0.0559193    0.0805454
     0.105100     0.128949     0.152073     0.174443     0.196022     0.216763
     0.236615     0.255519     0.273413     0.290239     0.305940
     0.221691     0.217084     0.205354     0.191196     0.176539     0.161328
     0.145548     0.129186     0.112224    0.0946362    0.0765461    0.0579748
    0.0389552    0.0195321 -0.000235826   -0.0202756   -0.0404988   -0.0608016
   -0.0810642    -0.101152    -0.120914    -0.140189    -0.158803    -0.176574
    -0.193314    -0.208833    -0.222944    -0.235466    -0.246230    -0.255081
    -0.261885    -0.266530    -0.268933    -0.269038    -0.266821    -0.262290
    -0.255483    -0.246469    -0.235343    -0.222225    -0.207255    -0.190590
    -0.172397    -0.152853    -0.132134    -0.110418   -0.0878758   -0.0646688
   -0.0409482   -0.0168512   0.00750041    0.0320012    0.0565629    0.0811152
     0.105606     0.129404     0.152490     0.174836     0.196404     0.217149
     0.237014     0.255938     0.273858     0.290706     0.306423
     0.222071     0.217581     0.205892     0.191664     0.176994     0.161847
     0.146187     0.129984     0.113208    0.0958265    0.0779562    0.0596183
    0.0408456    0.0216833   0.00218968   -0.0175627   -0.0374864   -0.0574789
   -0.0774222   -0.0971835    -0.116616    -0.135560    -0.153845    -0.171292
    -0.187719    -0.202939    -0.216770    -0.229035    -0.239568    -0.248218
    -0.254855    -0.259369    -0.261679    -0.261730    -0.259500    -0.254996
    -0.248254    -0.239340    -0.228348    -0.215395    -0.200615    -0.184162
    -0.166198    -0.146894    -0.126422    -0.104954   -0.0826547   -0.0596818
   -0.0361808   -0.0122842    0.0118902    0.0362401    0.0606790    0.0851366
     0.109561     0.133333     0.156440     0.178854     0.200538     0.221440
     0.241495     0.260630     0.278763     0.295809     0.311684
     0.222635     0.218309     0.206335     0.192206     0.177674     0.162702
     0.147255     0.131302     0.114811    0.0977423    0.0801997    0.0622124
    0.0438159    0.0250553   0.00598812   -0.0133144   -0.0327668   -0.0522688
   -0.0717055   -0.0909474    -0.109852    -0.128264    -0.146019    -0.162944
    -0.178862    -0.193593    -0.206962    -0.218798    -0.228942    -0.237249
    -0.243593    -0.247870    -0.250000    -0.249934    -0.247647    -0.243147
    -0.236470    -0.227678    -0.216861    -0.204129    -0.189613    -0.173459
    -0.155821    -0.136862    -0.116747   -0.0956384   -0.0736927   -0.0510586
   -0.0278731  -0.00426024    0.0196706    0.0438242    0.0681181    0.0924763
     0.116814     0.140571     0.163751     0.186332     0.208275     0.229520
     0.249989     0.269585     0.288194     0.305690     0.321943
     0.222285     0.218065     0.206636     0.192736     0.178455     0.163767
     0.148641     0.133046     0.116956     0.100348    0.0832018    0.0656651
    0.0477624    0.0295338    0.0110338  -0.00766922   -0.0264927   -0.0453396
   -0.0640989   -0.0826460    -0.100844    -0.118544    -0.135587    -0.151810
    -0.167043    -0.181115    -0.193859    -0.205113    -0.214727    -0.222562
    -0.228501    -0.232445    -0.234319    -0.234075    -0.231692    -0.227176
    -0.220562    -0.211908    -0.201299    -0.188840    -0.174652    -0.158872
    -0.141646    -0.123127    -0.103467   -0.0828183   -0.0613265   -0.0391280
   -0.0163475   0.00690427    0.0305326    0.0544614    0.0786367     0.103036
     0.127107     0.150802     0.174092     0.196946     0.219319     0.241146
     0.262334     0.282757     0.302253     0.320622     0.337643
     0.221969     0.217904     0.206728     0.193155     0.179244     0.164951
     0.150242     0.135093     0.119480     0.103384    0.0867798    0.0698199
    0.0525336    0.0349619    0.0171583 -0.000810462   -0.0188647   -0.0369112
   -0.0548437   -0.0725430   -0.0898787    -0.106710    -0.122886    -0.138253
    -0.152650    -0.165918    -0.177898    -0.188440    -0.197403    -0.204659
    -0.210097    -0.213625    -0.215176    -0.214703    -0.212188    -0.207638
    -0.201083    -0.192580    -0.182205    -0.170057    -0.156249    -0.140907
    -0.124165    -0.106163   -0.0870437   -0.0669435   -0.0459951   -0.0243212
  -0.00203244    0.0207749    0.0440199    0.0676375    0.0915733     0.115769
     0.139707     0.163413     0.186894     0.210144     0.233140     0.255835
     0.278146     0.299937     0.320991     0.340998     0.359548
     0.221390     0.217457     0.206369     0.193377     0.180010     0.166219
     0.152005     0.137368     0.122303     0.106793    0.0908220    0.0745375
    0.0579707    0.0411631    0.0241675   0.00704848   -0.0101173   -0.0272408
   -0.0442210   -0.0609454   -0.0772908   -0.0931247    -0.108307    -0.122692
    -0.136132    -0.148478    -0.159584    -0.169310    -0.177526    -0.184115
    -0.188975    -0.192023    -0.193195    -0.192451    -0.189775    -0.185171
    -0.178670    -0.170323    -0.160201    -0.148393    -0.135002    -0.120144
    -0.103941   -0.0865197   -0.0680075   -0.0485281   -0.0281991  -0.00712791
    0.0145906    0.0368777    0.0596742    0.0829465     0.106697     0.130421
     0.154109     0.177774     0.201442     0.225139     0.248887     0.272698
     0.296560     0.320411     0.344085     0.367196     0.388945
     0.219851     0.215889     0.206088     0.193827     0.180945     0.167615
     0.153894     0.139798     0.125325     0.110463    0.0951971    0.0796667
    0.0639031    0.0479476    0.0318513    0.0156763 -0.000504324   -0.0166065
   -0.0325350   -0.0481844   -0.0634397   -0.0781777   -0.0922686    -0.105578
    -0.117969    -0.129305    -0.139454    -0.148286    -0.155685    -0.161542
    -0.165767    -0.168284    -0.169037    -0.167989    -0.165125    -0.160452
    -0.153996    -0.145805    -0.135943    -0.124490    -0.111540   -0.0971962
   -0.0815684   -0.0647699   -0.0469138   -0.0281096  -0.00846007    0.0119417
    0.0330150    0.0546934    0.0769263    0.0996780     0.122924     0.146199
     0.169569     0.193094     0.216840     0.240885     0.265321     0.290256
     0.315822     0.342175     0.369515     0.398147     0.428050
     0.220992     0.217706     0.207406     0.194809     0.182044     0.169046
     0.155785     0.142243     0.128405     0.114251    0.0997573    0.0850451
    0.0701513    0.0551173    0.0399924    0.0248350   0.00971374  -0.00529264
   -0.0200955   -0.0345970   -0.0486906   -0.0622630   -0.0751949   -0.0873635
   -0.0986439    -0.108912    -0.118048    -0.125936    -0.132470    -0.137553
    -0.141104    -0.143057    -0.143360    -0.141982    -0.138911    -0.134152
    -0.127730    -0.119688    -0.110083   -0.0989881   -0.0864855   -0.0726675
   -0.0576315   -0.0414774   -0.0243046  -0.00620834    0.0127229    0.0324107
    0.0527893    0.0738078    0.0954327     0.117650     0.140040     0.162628
     0.185463     0.208612     0.232165     0.256239     0.280984     0.306597
     0.333338     0.361557     0.391734     0.424544     0.459453
     0.220857     0.217904     0.207594     0.195201     0.182735     0.170149
     0.157409     0.144485     0.131353     0.117989     0.104377    0.0905094
    0.0765317    0.0624729    0.0483748    0.0342903    0.0202826   0.00642423
  -0.00720291   -0.0205087   -0.0333956   -0.0457598   -0.0574929   -0.0684834
   -0.0786188   -0.0877874   -0.0958811    -0.102797    -0.108441    -0.112727
    -0.115583    -0.116950    -0.116785    -0.115060    -0.111764    -0.106903
    -0.100501   -0.0925936   -0.0832337   -0.0724846   -0.0604200   -0.0471206
   -0.0326722   -0.0171621 -0.000676814    0.0167013    0.0348969    0.0538452
    0.0734952    0.0938114     0.114776     0.135974     0.157423     0.179154
     0.201217     0.223683     0.246649     0.270243     0.294641     0.320070
     0.346839     0.375358     0.406163     0.439939     0.475879
     0.219057     0.216300     0.206607     0.194615     0.182613     0.170581
     0.158481     0.146278     0.133938     0.121433     0.108739    0.0958313
    0.0828441    0.0698171    0.0567935    0.0438237    0.0309663    0.0182886
   0.00586578  -0.00621949   -0.0178782   -0.0290162   -0.0395354   -0.0493354
   -0.0583153   -0.0663757   -0.0734202   -0.0793579   -0.0841051   -0.0875874
   -0.0897412   -0.0905150   -0.0898713   -0.0877864   -0.0842517   -0.0792729
   -0.0728702   -0.0650769   -0.0559386   -0.0455111   -0.0338587   -0.0210521
  -0.00716583   0.00772405    0.0235423    0.0402173    0.0576832    0.0758849
    0.0947874     0.114370     0.134218     0.154336     0.174736     0.195443
     0.216495     0.237952     0.259895     0.282433     0.305716     0.329942
     0.355376     0.382379     0.411453     0.443331     0.476465
     0.216293     0.213758     0.204288     0.192782     0.181403     0.170089
     0.158784     0.147435     0.136003     0.124457     0.112774     0.100943
    0.0889617    0.0769962    0.0650770    0.0532472    0.0415600    0.0300772
    0.0188679   0.00800757  -0.00242267   -0.0123376   -0.0216489   -0.0302668
   -0.0381015   -0.0450645   -0.0510710   -0.0560410   -0.0599012   -0.0625868
   -0.0640424   -0.0642236   -0.0630980   -0.0606456   -0.0568592   -0.0517441
   -0.0453182   -0.0376106   -0.0286609   -0.0185176  -0.00723624   0.00512209
    0.0184932    0.0328116    0.0480126    0.0640331    0.0808089    0.0982674
     0.116418     0.134860     0.153583     0.172580     0.191850     0.211399
     0.231246     0.251422     0.271972     0.292960     0.314471     0.336614
     0.359530     0.383396     0.408444     0.434990     0.462012
     0.211631     0.209218     0.200102     0.189322     0.178837     0.168494
     0.158190     0.147859     0.137457     0.126958     0.116343     0.105599
    0.0947175    0.0838668    0.0730822    0.0624082    0.0518967    0.0416065
    0.0316021    0.0219532    0.0127337   0.00402076  -0.00410646   -0.0115678
   -0.0182835   -0.0241758   -0.0291699   -0.0331961   -0.0361905   -0.0380967
   -0.0388670   -0.0384631   -0.0368572   -0.0340321   -0.0299817   -0.0247108
   -0.0182345   -0.0105779  -0.00177483   0.00813334    0.0190990    0.0310702
    0.0439924    0.0578114    0.0724764    0.0879487     0.104198     0.120822
     0.137833     0.155174     0.172802     0.190687     0.208805     0.227139
     0.245678     0.264417     0.283359     0.302511     0.321881     0.341475
     0.361284     0.381261     0.401270     0.420953     0.439337
     0.203632     0.200933     0.193051     0.183821     0.174814     0.165816
     0.156754     0.147600     0.138337     0.128960     0.119464     0.109845
     0.100100    0.0903796    0.0807318    0.0712059    0.0618552    0.0527368
    0.0439117    0.0354444    0.0274025    0.0198556    0.0128748   0.00653134
  0.000895627  -0.00396387  -0.00798190   -0.0110976   -0.0132556   -0.0144072
   -0.0145110   -0.0135342   -0.0114526  -0.00825130  -0.00392474   0.00152341
   0.00808072    0.0157265    0.0244328    0.0341650    0.0448830    0.0565423
    0.0690948    0.0824925    0.0966732     0.111642     0.127013     0.142760
     0.158849     0.175240     0.191887     0.208746     0.225774     0.242930
     0.260175     0.277470     0.294776     0.312052     0.329249     0.346302
     0.363117     0.379551     0.395379     0.410267     0.423767
     0.192653     0.188878     0.183548     0.177081     0.169991     0.162530
     0.154809     0.146886     0.138796     0.130563     0.122205     0.113738
     0.105177    0.0965423    0.0879935    0.0795800    0.0713533    0.0633678
    0.0556808    0.0483516    0.0414417    0.0350139    0.0291315    0.0238577
    0.0192546    0.0153821    0.0122970    0.0100523   0.00869585   0.00826978
   0.00880983    0.0103447    0.0128955    0.0164757    0.0210908    0.0267388
    0.0334103    0.0410895    0.0497548    0.0593796    0.0699316    0.0813762
    0.0936636     0.106808     0.120453     0.134609     0.149209     0.164197
     0.179520     0.195122     0.210946     0.226931     0.243013     0.259127
     0.275207     0.291185     0.306988     0.322543     0.337768     0.352572
     0.366845     0.380452     0.393225     0.404968     0.415462
     0.185211     0.181313     0.176697     0.171419     0.165601     0.159366
     0.152814     0.146016     0.139024     0.131880     0.124613     0.117251
     0.109819     0.102340    0.0948379    0.0874851    0.0803313    0.0734276
    0.0668266    0.0605826    0.0547508    0.0493875    0.0445490    0.0402911
    0.0366682    0.0337326    0.0315339    0.0301176    0.0295253    0.0297934
    0.0309530    0.0330296    0.0360422    0.0400036    0.0449198    0.0507908
    0.0576105    0.0653668    0.0740481    0.0836393    0.0941087     0.105483
     0.117434     0.129982     0.143073     0.156662     0.170699     0.185126
     0.199884     0.214907     0.230123     0.245454     0.260816     0.276118
     0.291265     0.306161     0.320706     0.334803     0.348353     0.361261
     0.373431     0.384764     0.395161     0.404521     0.412750
     0.179830     0.176005     0.171750     0.167079     0.162033     0.156665
     0.151029     0.145176     0.139151     0.132990     0.126729     0.120395
     0.114018     0.107624     0.101238    0.0948844    0.0887444    0.0828645
    0.0772922    0.0720757    0.0672640    0.0629072    0.0590551    0.0557569
    0.0530602    0.0510107    0.0496510    0.0490207    0.0491551    0.0500856
    0.0518397    0.0544409    0.0579077    0.0622527    0.0674824    0.0736009
    0.0806058    0.0884714    0.0972104     0.106871     0.117161     0.128109
     0.139678     0.151835     0.164545     0.177764     0.191445     0.205532
     0.219962     0.234662     0.249546     0.264520     0.279474     0.294289
     0.308836     0.322983     0.336596     0.349552     0.361737     0.373056
     0.383432     0.392810     0.401151     0.408433     0.414650
     0.175538     0.171823     0.167835     0.163583     0.159085     0.154367
     0.149459     0.144392     0.139199     0.133910     0.128555     0.123162
     0.117757     0.112369     0.107022     0.101742    0.0965551    0.0916411
    0.0870414    0.0827954    0.0789452    0.0755362    0.0726131    0.0702191
    0.0683958    0.0671830    0.0666179    0.0667342    0.0675611    0.0691233
    0.0714454    0.0745518    0.0784649    0.0831996    0.0887484    0.0951390
     0.102432     0.110373     0.119016     0.128371     0.138401     0.149085
     0.160399     0.172318     0.184810     0.197843     0.211374     0.225353
     0.239719     0.254395     0.269287     0.284283     0.299246     0.314018
     0.328423     0.342271     0.355375     0.367560     0.378682     0.388641
     0.397379     0.404889     0.411205     0.416393     0.420534
     0.171805     0.168196     0.164431     0.160516     0.156461     0.152276
     0.147977     0.143582     0.139114     0.134597     0.130055     0.125514
     0.120999     0.116537     0.112153     0.107874     0.103724    0.0997272
    0.0960582    0.0927331    0.0897838    0.0872639    0.0852145    0.0836722
    0.0826726    0.0822507    0.0824404    0.0832728    0.0847712    0.0869366
    0.0897917    0.0933698    0.0977163     0.102900     0.108702     0.115182
     0.122360     0.130218     0.138753     0.147961     0.157835     0.168363
     0.179535     0.191336     0.203751     0.216758     0.230329     0.244427
     0.259001     0.273984     0.289283     0.304775     0.320299     0.335648
     0.350570     0.364775     0.377963     0.389856     0.400238     0.408978
     0.416045     0.421503     0.425499     0.428235     0.429932
     0.168244     0.164716     0.161149     0.157543     0.153890     0.150183
     0.146425     0.142626     0.138802     0.134974     0.131163     0.127392
     0.123688     0.120074     0.116576     0.113224     0.110047     0.107080
     0.104369     0.101938    0.0997845    0.0980938    0.0968710    0.0961355
    0.0959135    0.0962360    0.0971393    0.0986697     0.100895     0.103637
     0.106956     0.110893     0.115475     0.120713     0.126590     0.133109
     0.140275     0.148089     0.156554     0.165674     0.175450     0.185887
     0.196987     0.208752     0.221182     0.234277     0.248032     0.262435
     0.277463     0.293077     0.309212     0.325763     0.342568     0.359380
     0.375845     0.391483     0.405736     0.418076     0.428122     0.435685
     0.440766     0.443551     0.444401     0.443806     0.442267
     0.164467     0.160947     0.157609     0.154376     0.151157     0.147920
     0.144667     0.141409     0.138165     0.134955     0.131802     0.128727
     0.125756     0.122911     0.120219     0.117704     0.115394     0.113318
     0.111508     0.109994     0.108810     0.108005     0.107613     0.107661
     0.108175     0.109178     0.110695     0.112744     0.115339     0.118469
     0.122143     0.126375     0.131180     0.136567     0.142542     0.149112
     0.156286     0.164074     0.172485     0.181532     0.191228     0.201589
     0.212633     0.224379     0.236850     0.250071     0.264068     0.278868
     0.294498     0.310975     0.328304     0.346464     0.365376     0.384871
     0.404585     0.423769     0.441071     0.455152     0.465405     0.471674
     0.474017     0.472711     0.468429     0.462484     0.456260
     0.160059     0.156319     0.153535     0.150924     0.148195     0.145415
     0.142622     0.139848     0.137118     0.134458     0.131893     0.129445
     0.127136     0.124990     0.123028     0.121272     0.119746     0.118473
     0.117478     0.116785     0.116421     0.116412     0.116784     0.117557
     0.118751     0.120384     0.122471     0.125026     0.128058     0.131574
     0.135581     0.140089     0.145109     0.150650     0.156725     0.163343
     0.170520     0.178270     0.186610     0.195562     0.205148     0.215397
     0.226340     0.238014     0.250464     0.263743     0.277911     0.293042
     0.309225     0.326560     0.345165     0.365173     0.386725     0.409966
     0.435056     0.462299     0.486695     0.503579     0.514092     0.518836
     0.517307     0.509995     0.496154     0.480366     0.468343
     0.156287     0.152442     0.149836     0.147519     0.145113     0.142673
     0.140246     0.137870     0.135577     0.133397     0.131352     0.129466
     0.127759     0.126251     0.124958     0.123901     0.123095     0.122561
     0.122315     0.122375     0.122760     0.123486     0.124569     0.126024
     0.127863     0.130097     0.132736     0.135788     0.139260     0.143159
     0.147490     0.152263     0.157485     0.163168     0.169324     0.175968
     0.183117     0.190792     0.199014     0.207813     0.217219     0.227270
     0.238007     0.249484     0.261760     0.274909     0.289024     0.304217
     0.320631     0.338448     0.357904     0.379303     0.403032     0.429582
     0.459550     0.491374     0.515789     0.532568     0.542111     0.544127
     0.538862     0.525300     0.504860     0.487187     0.472915
     0.152994     0.149034     0.146432     0.144173     0.141893     0.139638
     0.137452     0.135374     0.133435     0.131662     0.130078     0.128702
     0.127548     0.126631     0.125965     0.125562     0.125435     0.125597
     0.126058     0.126832     0.127927     0.129354     0.131122     0.133237
     0.135704     0.138529     0.141714     0.145262     0.149174     0.153454
     0.158104     0.163129     0.168538     0.174339     0.180546     0.187176
     0.194248     0.201785     0.209817     0.218375     0.227496     0.237223
     0.247604     0.258698     0.270574     0.283314     0.297020     0.311823
     0.327887     0.345432     0.364754     0.386263     0.410543     0.438410
     0.470675     0.499162     0.520638     0.535074     0.542251     0.542149
     0.533641     0.516194     0.497351     0.481554     0.468241
     0.149982     0.145836     0.143027     0.140665     0.138350     0.136134
     0.134067     0.132188     0.130527     0.129107     0.127940     0.127039
     0.126409     0.126059     0.125996     0.126225     0.126754     0.127591
     0.128741     0.130211     0.132004     0.134125     0.136573     0.139349
     0.142450     0.145874     0.149616     0.153671     0.158034     0.162700
     0.167669     0.172939     0.178516     0.184407     0.190624     0.197186
     0.204115     0.211437     0.219184     0.227393     0.236102     0.245356
     0.255205     0.265707     0.276925     0.288935     0.301828     0.315716
     0.330736     0.347068     0.364946     0.384699     0.406804     0.432043
     0.459087     0.481693     0.498790     0.510132     0.515605     0.514308
     0.505934     0.491831     0.478594     0.466698     0.456090
     0.146982     0.142501     0.139402     0.136752     0.134217     0.131881
     0.129812     0.128052     0.126623     0.125530     0.124773     0.124345
     0.124241     0.124458     0.124995     0.125853     0.127035     0.128545
     0.130385     0.132556     0.135057     0.137885     0.141035     0.144498
     0.148263     0.152319     0.156652     0.161247     0.166089     0.171165
     0.176464     0.181979     0.187708     0.193655     0.199834     0.206262
     0.212966     0.219977     0.227330     0.235065     0.243225     0.251853
     0.260997     0.270704     0.281029     0.292026     0.303758     0.316293
     0.329705     0.344076     0.359488     0.376013     0.393676     0.412372
     0.431243     0.447577     0.460314     0.469088     0.473600     0.473593
     0.469048     0.462024     0.454437     0.446795     0.439388
     0.144134     0.139129     0.135420     0.132149     0.129099     0.126434
     0.124251     0.122578     0.121400     0.120684     0.120390     0.120485
     0.120946     0.121757     0.122912     0.124410     0.126255     0.128450
     0.130996     0.133892     0.137132     0.140707     0.144605     0.148807
     0.153296     0.158047     0.163036     0.168235     0.173617     0.179152
     0.184815     0.190588     0.196459     0.202429     0.208508     0.214719
     0.221095     0.227677     0.234509     0.241636     0.249105     0.256961
     0.265245     0.273997     0.283253     0.293046     0.303405     0.314352
     0.325899     0.338039     0.350733     0.363882     0.377292     0.390603
     0.403241     0.414504     0.423779     0.430657     0.434932     0.436610
     0.435964     0.433527     0.429907     0.425597     0.420939
     0.141828     0.136125     0.131053     0.126363     0.122211     0.118948
     0.116646     0.115198     0.114461     0.114307     0.114634     0.115370
     0.116473     0.117923     0.119718     0.121868     0.124385     0.127280
     0.130558     0.134218     0.138250     0.142637     0.147358     0.152385
     0.157689     0.163236     0.168988     0.174902     0.180930     0.187019
     0.193122     0.199195     0.205210     0.211160     0.217057     0.222935
     0.228843     0.234840     0.240992     0.247357     0.253991     0.260940
     0.268242     0.275926     0.284014     0.292517     0.301440     0.310770
     0.320480     0.330518     0.340800     0.351194     0.361512     0.371499
     0.380846     0.389222     0.396328     0.401939     0.405939     0.408329
     0.409227     0.408848     0.407453     0.405304     0.402628
     0.139740     0.132989     0.125873     0.118364     0.111145     0.107624
     0.105837     0.105233     0.105463     0.106281     0.107517     0.109070
     0.110898     0.113006     0.115426     0.118201     0.121370     0.124966
     0.129005     0.133486     0.138391     0.143690     0.149345     0.155317
     0.161565     0.168049     0.174722     0.181526     0.188387     0.195212
     0.201904     0.208374     0.214558     0.220433     0.226016     0.231369
     0.236584     0.241768     0.247024     0.252441     0.258085     0.264005
     0.270233     0.276788     0.283676     0.290893     0.298424     0.306240
     0.314295     0.322526     0.330844     0.339135     0.347257     0.355043
     0.362311     0.368876     0.374577     0.379290     0.382943     0.385525
     0.387085     0.387716     0.387546     0.386714     0.385359
     0.138138     0.130314     0.121423     0.111037    0.0993438    0.0922719
    0.0909505    0.0924379    0.0945412    0.0969662    0.0994852     0.101997
     0.104526     0.107176     0.110075     0.113342     0.117075     0.121339
     0.126169     0.131563     0.137480     0.143851     0.150601     0.157667
     0.165006     0.172589     0.180385     0.188344     0.196367     0.204290
     0.211895     0.218978     0.225401     0.231109     0.236131     0.240591
     0.244696     0.248679     0.252729     0.256968     0.261465     0.266258
     0.271360     0.276773     0.282486     0.288482     0.294731     0.301195
     0.307824     0.314554     0.321308     0.327995     0.334513     0.340746
     0.346580     0.351903     0.356617     0.360646     0.363943     0.366492
     0.368312     0.369444     0.369953     0.369917     0.369417
     0.138404     0.130329     0.120996     0.109858    0.0965037    0.0861242
    0.0802558    0.0791277    0.0827949    0.0877410    0.0918868    0.0951682
    0.0979510     0.100657     0.103618     0.107061     0.111145     0.115985
     0.121651     0.128147     0.135376     0.143136     0.151227     0.159541
     0.168062     0.176829     0.185898     0.195320     0.205093     0.214980
     0.224275     0.232418     0.239227     0.244633     0.248623     0.251332
     0.253355     0.255454     0.257902     0.260753     0.264005     0.267638
     0.271626     0.275944     0.280561     0.285443     0.290554     0.295848
     0.301274     0.306775     0.312286     0.317733     0.323040     0.328127
     0.332914     0.337327     0.341301     0.344786     0.347748     0.350170
     0.352055     0.353424     0.354307     0.354749     0.354798
     0.140966     0.133651     0.125419     0.116118     0.105747    0.0945631
    0.0844973    0.0789226    0.0783890    0.0833466    0.0880385    0.0903570
    0.0916662    0.0933022    0.0956047    0.0987314     0.102817     0.108008
     0.114481     0.122429     0.131926     0.141972     0.151732     0.161288
     0.170827     0.180550     0.190673     0.201452     0.213235     0.226512
     0.238326     0.247738     0.255056     0.260103     0.262786     0.262753
     0.261107     0.260927     0.261730     0.263260     0.265363     0.267940
     0.270925     0.274263     0.277911     0.281823     0.285956     0.290263
     0.294695     0.299200     0.303720     0.308198     0.312573     0.316785
     0.320777     0.324496     0.327895     0.330937     0.333596     0.335856
     0.337713     0.339175     0.340257     0.340984     0.341384
     0.145319     0.139414     0.132877     0.125663     0.117867     0.109721
     0.101556    0.0937576    0.0889294    0.0905333    0.0925323    0.0918911
    0.0903087    0.0903707    0.0917289    0.0942838    0.0980884     0.103277
     0.110087     0.118973     0.130775     0.142895     0.153636     0.163710
     0.173560     0.183510     0.193857     0.204927     0.217139     0.230947
     0.243271     0.252986     0.260360     0.265280     0.267555     0.266764
     0.264245     0.263191     0.263174     0.263898     0.265193     0.266959
     0.269131     0.271660     0.274499     0.277604     0.280930     0.284430
     0.288058     0.291764     0.295500     0.299218     0.302868     0.306403
     0.309779     0.312956     0.315898     0.318577     0.320969     0.323062
     0.324848     0.326327     0.327508     0.328401     0.329025
