     -3.83152     -3.71407     -3.60361     -3.49953     -3.40135     -3.30863
     -3.22096     -3.13790     -3.05895     -2.98353     -2.91173     -2.84341
     -2.77827     -2.71601     -2.65643     -2.59939     -2.54471     -2.49227
     -2.44193     -2.39358     -2.34713     -2.30251     -2.25957     -2.21820
     -2.17832     -2.13985     -2.10272     -2.06685     -2.03219     -1.99866
     -1.96623     -1.93483     -1.90442     -1.87495     -1.84638     -1.81867
     -1.79177     -1.76566     -1.74030     -1.71566     -1.69171     -1.66841
     -1.64575     -1.62370     -1.60223     -1.58132     -1.56095     -1.54109
     -1.52174     -1.50286     -1.48445     -1.46648     -1.44895     -1.43182
     -1.41510     -1.39877     -1.38280     -1.36720     -1.35194     -1.33703
     -1.32243     -1.30816     -1.29418     -1.28051     -1.26712
     -3.83152     -3.71407     -3.60361     -3.49963     -3.40166     -3.30927
     -3.22195     -3.13894     -3.05972     -2.98400     -2.91200     -2.84355
     -2.77828     -2.71595     -2.65635     -2.59929     -2.54462     -2.49219
     -2.44187     -2.39355     -2.34713     -2.30251     -2.25957     -2.21820
     -2.17832     -2.13985     -2.10272     -2.06685     -2.03219     -1.99866
     -1.96623     -1.93483     -1.90442     -1.87495     -1.84638     -1.81867
     -1.79177     -1.76566     -1.74030     -1.71566     -1.69171     -1.66841
     -1.64575     -1.62370     -1.60223     -1.58132     -1.56095     -1.54109
     -1.52174     -1.50286     -1.48445     -1.46648     -1.44895     -1.43182
     -1.41510     -1.39877     -1.38280     -1.36720     -1.35194     -1.33703
     -1.32243     -1.30816     -1.29418     -1.28051     -1.26712
     -3.83152     -3.71407     -3.60365     -3.49980     -3.40211     -3.30987
     -3.22234     -3.13898     -3.05944     -2.98379     -2.91187     -2.84339
     -2.77810     -2.71575     -2.65615     -2.59911     -2.54446     -2.49206
     -2.44178     -2.39351     -2.34712     -2.30251     -2.25957     -2.21820
     -2.17832     -2.13985     -2.10272     -2.06685     -2.03219     -1.99866
     -1.96623     -1.93483     -1.90442     -1.87495     -1.84638     -1.81867
     -1.79177     -1.76566     -1.74030     -1.71566     -1.69171     -1.66841
     -1.64575     -1.62370     -1.60223     -1.58132     -1.56095     -1.54109
     -1.52174     -1.50286     -1.48445     -1.46648     -1.44895     -1.43182
     -1.41510     -1.39877     -1.38280     -1.36720     -1.35194     -1.33703
     -1.32243     -1.30816     -1.29418     -1.28051     -1.26712
     -3.83152     -3.71407     -3.60366     -3.49981     -3.40203     -3.30951
     -3.22160     -3.13809     -3.05877     -2.98335     -2.91156     -2.84316
     -2.77791     -2.71559     -2.65601     -2.59899     -2.54437     -2.49200
     -2.44175     -2.39349     -2.34711     -2.30251     -2.25957     -2.21820
     -2.17832     -2.13985     -2.10272     -2.06685     -2.03219     -1.99866
     -1.96623     -1.93483     -1.90442     -1.87495     -1.84638     -1.81867
     -1.79177     -1.76566     -1.74030     -1.71566     -1.69171     -1.66841
     -1.64575     -1.62370     -1.60223     -1.58132     -1.56095     -1.54109
     -1.52174     -1.50286     -1.48445     -1.46648     -1.44895     -1.43182
     -1.41510     -1.39877     -1.38280     -1.36720     -1.35194     -1.33703
     -1.32243     -1.30816     -1.29418     -1.28051     -1.26712
     -3.83152     -3.71407     -3.60364     -3.49966     -3.40160     -3.30881
     -3.22092     -3.13753     -3.05833     -2.98301     -2.91131     -2.84296
     -2.77775     -2.71547     -2.65591     -2.59891     -2.54431     -2.49196
     -2.44172     -2.39348     -2.34711     -2.30251     -2.25957     -2.21820
     -2.17832     -2.13985     -2.10272     -2.06685     -2.03219     -1.99866
     -1.96623     -1.93483     -1.90442     -1.87495     -1.84638     -1.81867
     -1.79177     -1.76566     -1.74030     -1.71566     -1.69171     -1.66841
     -1.64575     -1.62370     -1.60223     -1.58132     -1.56095     -1.54109
     -1.52174     -1.50286     -1.48445     -1.46648     -1.44895     -1.43182
     -1.41510     -1.39877     -1.38280     -1.36720     -1.35194     -1.33703
     -1.32243     -1.30816     -1.29418     -1.28051     -1.26712
     -3.83152     -3.71407     -3.60362     -3.49957     -3.40138     -3.30854
     -3.22063     -3.13726     -3.05809     -2.98281     -2.91114     -2.84283
     -2.77764     -2.71538     -2.65585     -2.59887     -2.54428     -2.49194
     -2.44171     -2.39347     -2.34711     -2.30251     -2.25957     -2.21820
     -2.17832     -2.13985     -2.10272     -2.06685     -2.03219     -1.99866
     -1.96623     -1.93483     -1.90442     -1.87495     -1.84638     -1.81867
     -1.79177     -1.76566     -1.74030     -1.71566     -1.69171     -1.66841
     -1.64575     -1.62370     -1.60223     -1.58132     -1.56095     -1.54109
     -1.52174     -1.50286     -1.48445     -1.46648     -1.44895     -1.43182
     -1.41510     -1.39877     -1.38280     -1.36720     -1.35194     -1.33703
     -1.32243     -1.30816     -1.29418     -1.28051     -1.26712
     -3.83152     -3.71407     -3.60361     -3.49954     -3.40131     -3.30845
     -3.22052     -3.13715     -3.05798     -2.98271     -2.91105     -2.84275
     -2.77758     -2.71533     -2.65581     -2.59884     -2.54426     -2.49193
     -2.44171     -2.39347     -2.34711     -2.30251     -2.25957     -2.21820
     -2.17832     -2.13985     -2.10272     -2.06685     -2.03219     -1.99866
     -1.96623     -1.93483     -1.90442     -1.87495     -1.84638     -1.81867
     -1.79177     -1.76566     -1.74030     -1.71566     -1.69171     -1.66841
     -1.64575     -1.62370     -1.60223     -1.58132     -1.56095     -1.54109
     -1.52174     -1.50286     -1.48445     -1.46648     -1.44895     -1.43182
     -1.41510     -1.39877     -1.38280     -1.36720     -1.35194     -1.33703
     -1.32243     -1.30816     -1.29418     -1.28051     -1.26712
     -3.83152     -3.71407     -3.60361     -3.49953     -3.40129     -3.30842
     -3.22049     -3.13711     -3.05793     -2.98266     -2.91101     -2.84271
     -2.77755     -2.71531     -2.65579     -2.59883     -2.54425     -2.49192
     -2.44171     -2.39347     -2.34711     -2.30251     -2.25957     -2.21820
     -2.17832     -2.13985     -2.10272     -2.06685     -2.03219     -1.99866
     -1.96623     -1.93483     -1.90442     -1.87495     -1.84638     -1.81867
     -1.79177     -1.76566     -1.74030     -1.71566     -1.69171     -1.66841
     -1.64575     -1.62370     -1.60223     -1.58132     -1.56095     -1.54109
     -1.52174     -1.50286     -1.48445     -1.46648     -1.44895     -1.43182
     -1.41510     -1.39877     -1.38280     -1.36720     -1.35194     -1.33703
     -1.32243     -1.30816     -1.29418     -1.28051     -1.26712
     -3.83152     -3.71407     -3.60361     -3.49953     -3.40129     -3.30842
     -3.22049     -3.13711     -3.05793     -2.98266     -2.91100     -2.84270
     -2.77754     -2.71530     -2.65578     -2.59882     -2.54425     -2.49192
     -2.44171     -2.39347     -2.34711     -2.30251     -2.25957     -2.21820
     -2.17832     -2.13985     -2.10272     -2.06685     -2.03219     -1.99866
     -1.96623     -1.93483     -1.90442     -1.87495     -1.84638     -1.81867
     -1.79177     -1.76566     -1.74030     -1.71566     -1.69171     -1.66841
     -1.64575     -1.62370     -1.60223     -1.58132     -1.56095     -1.54109
     -1.52174     -1.50286     -1.48445     -1.46648     -1.44895     -1.43182
     -1.41510     -1.39877     -1.38280     -1.36720     -1.35194     -1.33703
     -1.32243     -1.30816     -1.29418     -1.28051     -1.26712
     -3.83152     -3.71407     -3.60361     -3.49953     -3.40129     -3.30842
     -3.22049     -3.13711     -3.05793     -2.98266     -2.91100     -2.84270
     -2.77754     -2.71530     -2.65578     -2.59882     -2.54425     -2.49192
     -2.44171     -2.39348     -2.34711     -2.30251     -2.25957     -2.21820
     -2.17832     -2.13985     -2.10272     -2.06685     -2.03219     -1.99866
     -1.96623     -1.93483     -1.90442     -1.87495     -1.84638     -1.81867
     -1.79177     -1.76566     -1.74030     -1.71566     -1.69171     -1.66841
     -1.64575     -1.62370     -1.60223     -1.58132     -1.56095     -1.54109
     -1.52174     -1.50286     -1.48445     -1.46648     -1.44895     -1.43182
     -1.41510     -1.39877     -1.38280     -1.36720     -1.35194     -1.33703
     -1.32243     -1.30816     -1.29418     -1.28051     -1.26712
     -3.83152     -3.71407     -3.60361     -3.49953     -3.40129     -3.30842
     -3.22049     -3.13711     -3.05793     -2.98266     -2.91100     -2.84270
     -2.77754     -2.71530     -2.65578     -2.59882     -2.54425     -2.49193
     -2.44172     -2.39349     -2.34713     -2.30252     -2.25958     -2.21821
     -2.17833     -2.13985     -2.10272     -2.06685     -2.03219     -1.99866
     -1.96623     -1.93483     -1.90442     -1.87495     -1.84638     -1.81867
     -1.79177     -1.76566     -1.74030     -1.71566     -1.69171     -1.66841
     -1.64575     -1.62370     -1.60223     -1.58132     -1.56095     -1.54109
     -1.52174     -1.50286     -1.48445     -1.46648     -1.44895     -1.43182
     -1.41510     -1.39877     -1.38280     -1.36720     -1.35194     -1.33703
     -1.32243     -1.30816     -1.29418     -1.28051     -1.26712
     -3.83152     -3.71407     -3.60361     -3.49953     -3.40129     -3.30842
     -3.22049     -3.13711     -3.05793     -2.98266     -2.91100     -2.84270
     -2.77754     -2.71530     -2.65578     -2.59882     -2.54426     -2.49194
     -2.44173     -2.39351     -2.34716     -2.30256     -2.25962     -2.21825
     -2.17836     -2.13988     -2.10273     -2.06685     -2.03219     -1.99866
     -1.96623     -1.93483     -1.90442     -1.87495     -1.84638     -1.81867
     -1.79177     -1.76566     -1.74030     -1.71566     -1.69171     -1.66841
     -1.64575     -1.62370     -1.60223     -1.58132     -1.56095     -1.54109
     -1.52174     -1.50286     -1.48445     -1.46648     -1.44895     -1.43182
     -1.41510     -1.39877     -1.38280     -1.36720     -1.35194     -1.33703
     -1.32243     -1.30816     -1.29418     -1.28051     -1.26712
     -3.83152     -3.71407     -3.60361     -3.49953     -3.40129     -3.30842
     -3.22049     -3.13711     -3.05793     -2.98266     -2.91100     -2.84270
     -2.77754     -2.71530     -2.65578     -2.59882     -2.54427     -2.49196
     -2.44177     -2.39356     -2.34722     -2.30263     -2.25970     -2.21834
     -2.17845     -2.13997     -2.10281     -2.06692     -2.03223     -1.99868
     -1.96623     -1.93483     -1.90442     -1.87495     -1.84638     -1.81867
     -1.79177     -1.76566     -1.74030     -1.71566     -1.69171     -1.66841
     -1.64575     -1.62370     -1.60223     -1.58132     -1.56095     -1.54109
     -1.52174     -1.50286     -1.48445     -1.46648     -1.44895     -1.43182
     -1.41510     -1.39877     -1.38280     -1.36720     -1.35194     -1.33703
     -1.32243     -1.30816     -1.29418     -1.28051     -1.26712
     -3.83152     -3.71407     -3.60361     -3.49953     -3.40129     -3.30842
     -3.22049     -3.13711     -3.05793     -2.98266     -2.91100     -2.84270
     -2.77754     -2.71530     -2.65578     -2.59883     -2.54428     -2.49200
     -2.44183     -2.39364     -2.34732     -2.30276     -2.25985     -2.21851
     -2.17863     -2.14015     -2.10299     -2.06708     -2.03237     -1.99880
     -1.96632     -1.93487     -1.90443     -1.87495     -1.84638     -1.81867
     -1.79177     -1.76566     -1.74030     -1.71566     -1.69171     -1.66841
     -1.64575     -1.62370     -1.60223     -1.58132     -1.56095     -1.54109
     -1.52174     -1.50286     -1.48445     -1.46648     -1.44895     -1.43182
     -1.41510     -1.39877     -1.38280     -1.36720     -1.35194     -1.33703
     -1.32243     -1.30816     -1.29418     -1.28051     -1.26712
     -3.83152     -3.71407     -3.60361     -3.49953     -3.40129     -3.30842
     -3.22049     -3.13711     -3.05793     -2.98266     -2.91100     -2.84270
     -2.77754     -2.71530     -2.65578     -2.59884     -2.54432     -2.49206
     -2.44193     -2.39378     -2.34750     -2.30298     -2.26011     -2.21879
     -2.17894     -2.14048     -2.10333     -2.06741     -2.03268     -1.99909
     -1.96656     -1.93507     -1.90457     -1.87502     -1.84640     -1.81867
     -1.79177     -1.76566     -1.74030     -1.71566     -1.69171     -1.66841
     -1.64575     -1.62370     -1.60223     -1.58132     -1.56095     -1.54109
     -1.52174     -1.50286     -1.48445     -1.46648     -1.44895     -1.43182
     -1.41510     -1.39877     -1.38280     -1.36720     -1.35194     -1.33703
     -1.32243     -1.30816     -1.29418     -1.28051     -1.26712
     -3.83152     -3.71407     -3.60361     -3.49953     -3.40129     -3.30842
     -3.22049     -3.13711     -3.05793     -2.98266     -2.91100     -2.84270
     -2.77754     -2.71530     -2.65579     -2.59888     -2.54439     -2.49217
     -2.44209     -2.39400     -2.34778     -2.30331     -2.26050     -2.21924
     -2.17944     -2.14101     -2.10388     -2.06798     -2.03325     -1.99962
     -1.96706     -1.93550     -1.90494     -1.87531     -1.84660     -1.81877
     -1.79180     -1.76566     -1.74030     -1.71566     -1.69171     -1.66841
     -1.64575     -1.62370     -1.60223     -1.58132     -1.56095     -1.54109
     -1.52174     -1.50286     -1.48445     -1.46648     -1.44895     -1.43182
     -1.41510     -1.39877     -1.38280     -1.36720     -1.35194     -1.33703
     -1.32243     -1.30816     -1.29418     -1.28051     -1.26712
     -3.83152     -3.71407     -3.60361     -3.49953     -3.40129     -3.30842
     -3.22049     -3.13711     -3.05793     -2.98266     -2.91100     -2.84270
     -2.77754     -2.71530     -2.65582     -2.59894     -2.54451     -2.49235
     -2.44233     -2.39432     -2.34819     -2.30382     -2.26110     -2.21992
     -2.18020     -2.14184     -2.10476     -2.06889     -2.03416     -2.00052
     -1.96792     -1.93631     -1.90566     -1.87593     -1.84711     -1.81916
     -1.79206     -1.76579     -1.74034     -1.71566     -1.69171     -1.66841
     -1.64575     -1.62370     -1.60223     -1.58132     -1.56095     -1.54109
     -1.52174     -1.50286     -1.48445     -1.46648     -1.44895     -1.43182
     -1.41510     -1.39877     -1.38280     -1.36720     -1.35194     -1.33703
     -1.32243     -1.30816     -1.29418     -1.28051     -1.26712
     -3.83152     -3.71407     -3.60361     -3.49953     -3.40129     -3.30842
     -3.22049     -3.13711     -3.05793     -2.98266     -2.91100     -2.84270
     -2.77754     -2.71531     -2.65587     -2.59906     -2.54469     -2.49262
     -2.44271     -2.39481     -2.34880     -2.30456     -2.26197     -2.22093
     -2.18132     -2.14306     -2.10607     -2.07026     -2.03556     -2.00192
     -1.96929     -1.93762     -1.90688     -1.87704     -1.84807     -1.81997
     -1.79270     -1.76626     -1.74063     -1.71580     -1.69173     -1.66841
     -1.64575     -1.62370     -1.60223     -1.58132     -1.56095     -1.54109
     -1.52174     -1.50286     -1.48445     -1.46648     -1.44895     -1.43182
     -1.41510     -1.39877     -1.38280     -1.36720     -1.35194     -1.33703
     -1.32243     -1.30816     -1.29418     -1.28051     -1.26712
     -3.83152     -3.71407     -3.60361     -3.49953     -3.40129     -3.30842
     -3.22049     -3.13711     -3.05793     -2.98266     -2.91100     -2.84270
     -2.77754     -2.71535     -2.65597     -2.59923     -2.54496     -2.49302
     -2.44325     -2.39551     -2.34967     -2.30561     -2.26321     -2.22234
     -2.18291     -2.14481     -2.10795     -2.07225     -2.03762     -2.00401
     -1.97137     -1.93964     -1.90881     -1.87883     -1.84969     -1.82139
     -1.79390     -1.76723     -1.74137     -1.71631     -1.69203     -1.66852
     -1.64576     -1.62370     -1.60223     -1.58132     -1.56095     -1.54109
     -1.52174     -1.50286     -1.48445     -1.46648     -1.44895     -1.43182
     -1.41510     -1.39877     -1.38280     -1.36720     -1.35194     -1.33703
     -1.32243     -1.30816     -1.29418     -1.28051     -1.26712
     -3.83152     -3.71407     -3.60361     -3.49953     -3.40129     -3.30842
     -3.22049     -3.13711     -3.05793     -2.98266     -2.91100     -2.84270
     -2.77756     -2.71542     -2.65613     -2.59949     -2.54536     -2.49358
     -2.44399     -2.39647     -2.35086     -2.30705     -2.26490     -2.22429
     -2.18510     -2.14724     -2.11058     -2.07503     -2.04053     -2.00699
     -1.97436     -1.94259     -1.91165     -1.88152     -1.85218     -1.82363
     -1.79587     -1.76890     -1.74274     -1.71737     -1.69280     -1.66902
     -1.64601     -1.62376     -1.60223     -1.58132     -1.56095     -1.54109
     -1.52174     -1.50286     -1.48445     -1.46648     -1.44895     -1.43182
     -1.41510     -1.39877     -1.38280     -1.36720     -1.35194     -1.33703
     -1.32243     -1.30816     -1.29418     -1.28051     -1.26712
     -3.83152     -3.71407     -3.60361     -3.49953     -3.40129     -3.30842
     -3.22049     -3.13711     -3.05793     -2.98266     -2.91100     -2.84270
     -2.77760     -2.71555     -2.65636     -2.59986     -2.54590     -2.49433
     -2.44499     -2.39774     -2.35244     -2.30895     -2.26715     -2.22688
     -2.18803     -2.15048     -2.11410     -2.07881     -2.04448     -2.01107
     -1.97849     -1.94670     -1.91567     -1.88536     -1.85579     -1.82695
     -1.79884     -1.77151     -1.74495     -1.71918     -1.69421     -1.67006
     -1.64671     -1.62416     -1.60238     -1.58133     -1.56095     -1.54109
     -1.52174     -1.50286     -1.48445     -1.46648     -1.44895     -1.43182
     -1.41510     -1.39877     -1.38280     -1.36720     -1.35194     -1.33703
     -1.32243     -1.30816     -1.29418     -1.28051     -1.26712
     -3.83152     -3.71407     -3.60361     -3.49953     -3.40129     -3.30842
     -3.22049     -3.13711     -3.05793     -2.98266     -2.91100     -2.84272
     -2.77768     -2.71573     -2.65667     -2.60035     -2.54662     -2.49531
     -2.44628     -2.39938     -2.35447     -2.31141     -2.27004     -2.23022
     -2.19182     -2.15469     -2.11871     -2.08374     -2.04969     -2.01647
     -1.98400     -1.95222     -1.92109     -1.89061     -1.86077     -1.83158
     -1.80308     -1.77527     -1.74822     -1.72194     -1.69647     -1.67182
     -1.64802     -1.62506     -1.60292     -1.58157     -1.56098     -1.54109
     -1.52174     -1.50286     -1.48445     -1.46648     -1.44895     -1.43182
     -1.41510     -1.39877     -1.38280     -1.36720     -1.35194     -1.33703
     -1.32243     -1.30816     -1.29418     -1.28051     -1.26712
     -3.83152     -3.71407     -3.60361     -3.49953     -3.40129     -3.30842
     -3.22049     -3.13711     -3.05793     -2.98266     -2.91100     -2.84276
     -2.77781     -2.71598     -2.65709     -2.60099     -2.54752     -2.49654
     -2.44789     -2.40143     -2.35701     -2.31446     -2.27365     -2.23439
     -2.19656     -2.15997     -2.12449     -2.08998     -2.05630     -2.02336
     -1.99105     -1.95932     -1.92814     -1.89747     -1.86734     -1.83776
     -1.80876     -1.78041     -1.75275     -1.72585     -1.69975     -1.67449
     -1.65010     -1.62659     -1.60397     -1.58222     -1.56129     -1.54115
     -1.52174     -1.50286     -1.48445     -1.46648     -1.44895     -1.43182
     -1.41510     -1.39877     -1.38280     -1.36720     -1.35194     -1.33703
     -1.32243     -1.30816     -1.29418     -1.28051     -1.26712
     -3.83152     -3.71407     -3.60361     -3.49953     -3.40129     -3.30842
     -3.22049     -3.13711     -3.05793     -2.98266     -2.91100     -2.84282
     -2.77798     -2.71630     -2.65761     -2.60177     -2.54862     -2.49802
     -2.44983     -2.40389     -2.36004     -2.31813     -2.27799     -2.23943
     -2.20229     -2.16639     -2.13154     -2.09759     -2.06439     -2.03182
     -1.99976     -1.96815     -1.93692     -1.90609     -1.87563     -1.84560
     -1.81606     -1.78706     -1.75870     -1.73105     -1.70418     -1.67817
     -1.65306     -1.62889     -1.60566     -1.58337     -1.56200     -1.54150
     -1.52181     -1.50286     -1.48445     -1.46648     -1.44895     -1.43182
     -1.41510     -1.39877     -1.38280     -1.36720     -1.35194     -1.33703
     -1.32243     -1.30816     -1.29418     -1.28051     -1.26712
     -3.83152     -3.71407     -3.60361     -3.49953     -3.40129     -3.30842
     -3.22049     -3.13711     -3.05793     -2.98266     -2.91102     -2.84292
     -2.77820     -2.71669     -2.65823     -2.60268     -2.54990     -2.49974
     -2.45208     -2.40673     -2.36356     -2.32238     -2.28302     -2.24529
     -2.20897     -2.17386     -2.13979     -2.10653     -2.07392     -2.04183
     -2.01010     -1.97866     -1.94744     -1.91643     -1.88566     -1.85515
     -1.82499     -1.79527     -1.76609     -1.73759     -1.70984     -1.68294
     -1.65699     -1.63201     -1.60805     -1.58511     -1.56318     -1.54221
     -1.52215     -1.50293     -1.48445     -1.46648     -1.44895     -1.43182
     -1.41510     -1.39877     -1.38280     -1.36720     -1.35194     -1.33703
     -1.32243     -1.30816     -1.29418     -1.28051     -1.26712
     -3.83152     -3.71407     -3.60361     -3.49953     -3.40129     -3.30842
     -3.22049     -3.13711     -3.05793     -2.98266     -2.91105     -2.84304
     -2.77845     -2.71713     -2.65893     -2.60370     -2.55132     -2.50166
     -2.45457     -2.40990     -2.36746     -2.32712     -2.28863     -2.25182
     -2.21643     -2.18226     -2.14905     -2.11660     -2.08470     -2.05316
     -2.02185     -1.99064     -1.95947     -1.92832     -1.89721     -1.86620
     -1.83539     -1.80489     -1.77484     -1.74538     -1.71664     -1.68877
     -1.66184     -1.63595     -1.61114     -1.58745     -1.56485     -1.54333
     -1.52281     -1.50323     -1.48449     -1.46648     -1.44895     -1.43182
     -1.41510     -1.39877     -1.38280     -1.36720     -1.35194     -1.33703
     -1.32243     -1.30816     -1.29418     -1.28051     -1.26712
     -3.83152     -3.71407     -3.60361     -3.49953     -3.40129     -3.30842
     -3.22049     -3.13711     -3.05793     -2.98266     -2.91110     -2.84318
     -2.77873     -2.71761     -2.65967     -2.60479     -2.55284     -2.50370
     -2.45722     -2.41325     -2.37162     -2.33213     -2.29461     -2.25877
     -2.22440     -2.19123     -2.15899     -2.12742     -2.09631     -2.06541
     -2.03457     -2.00365     -1.97257     -1.94132     -1.90989     -1.87838
     -1.84689     -1.81559     -1.78462     -1.75415     -1.72436     -1.69543
     -1.66747     -1.64058     -1.61486     -1.59033     -1.56700     -1.54483
     -1.52379     -1.50378     -1.48472     -1.46650     -1.44895     -1.43182
     -1.41510     -1.39877     -1.38280     -1.36720     -1.35194     -1.33703
     -1.32243     -1.30816     -1.29418     -1.28051     -1.26712
     -3.83152     -3.71407     -3.60361     -3.49953     -3.40129     -3.30842
     -3.22049     -3.13711     -3.05793     -2.98266     -2.91116     -2.84333
     -2.77903     -2.71810     -2.66043     -2.60588     -2.55436     -2.50574
     -2.45987     -2.41662     -2.37580     -2.33721     -2.30062     -2.26581
     -2.23247     -2.20033     -2.16908     -2.13844     -2.10814     -2.07792
     -2.04760     -2.01702     -1.98608     -1.95474     -1.92303     -1.89105
     -1.85892     -1.82681     -1.79491     -1.76344     -1.73260     -1.70258
     -1.67356     -1.64567     -1.61899     -1.59359     -1.56948     -1.54666
     -1.52504     -1.50457     -1.48514     -1.46664     -1.44895     -1.43182
     -1.41510     -1.39877     -1.38280     -1.36720     -1.35194     -1.33703
     -1.32243     -1.30816     -1.29418     -1.28051     -1.26712
     -3.83152     -3.71407     -3.60361     -3.49953     -3.40129     -3.30842
     -3.22049     -3.13711     -3.05793     -2.98266     -2.91122     -2.84348
     -2.77931     -2.71857     -2.66114     -2.60692     -2.55580     -2.50767
     -2.46238     -2.41979     -2.37973     -2.34199     -2.30633     -2.27247
     -2.24014     -2.20898     -2.17869     -2.14895     -2.11946     -2.08992
     -2.06012     -2.02989     -1.99910     -1.96772     -1.93578     -1.90338
     -1.87064     -1.83779     -1.80504     -1.77262     -1.74077     -1.70974
     -1.67970     -1.65083     -1.62324     -1.59700     -1.57214     -1.54864
     -1.52647     -1.50553     -1.48572     -1.46692     -1.44900     -1.43182
     -1.41510     -1.39877     -1.38280     -1.36720     -1.35194     -1.33703
     -1.32243     -1.30816     -1.29418     -1.28051     -1.26712
     -3.83152     -3.71407     -3.60361     -3.49953     -3.40129     -3.30842
     -3.22049     -3.13711     -3.05793     -2.98267     -2.91128     -2.84362
     -2.77956     -2.71898     -2.66177     -2.60783     -2.55705     -2.50934
     -2.46455     -2.42256     -2.38317     -2.34617     -2.31130     -2.27830
     -2.24683     -2.21655     -2.18713     -2.15819     -2.12941     -2.10050
     -2.07118     -2.04127     -2.01065     -1.97926     -1.94713     -1.91438
     -1.88115     -1.84767     -1.81417     -1.78093     -1.74822     -1.71629
     -1.68536     -1.65563     -1.62722     -1.60022     -1.57468     -1.55059
     -1.52790     -1.50652     -1.48636     -1.46728     -1.44915     -1.43183
     -1.41510     -1.39877     -1.38280     -1.36720     -1.35194     -1.33703
     -1.32243     -1.30816     -1.29418     -1.28051     -1.26712
     -3.83152     -3.71407     -3.60361     -3.49953     -3.40129     -3.30842
     -3.22049     -3.13711     -3.05793     -2.98268     -2.91132     -2.84372
     -2.77976     -2.71930     -2.66225     -2.60852     -2.55801     -2.51063
     -2.46623     -2.42468     -2.38581     -2.34937     -2.31513     -2.28278
     -2.25201     -2.22243     -2.19368     -2.16537     -2.13718     -2.10875
     -2.07983     -2.05019     -2.01973     -1.98836     -1.95611     -1.92311
     -1.88951     -1.85555     -1.82149     -1.78762     -1.75424     -1.72161
     -1.68999     -1.65956     -1.63051     -1.60292     -1.57684     -1.55226
     -1.52915     -1.50742     -1.48696     -1.46764     -1.44932     -1.43186
     -1.41510     -1.39877     -1.38280     -1.36720     -1.35194     -1.33703
     -1.32243     -1.30816     -1.29418     -1.28051     -1.26712
     -3.83152     -3.71407     -3.60361     -3.49953     -3.40129     -3.30842
     -3.22049     -3.13711     -3.05793     -2.98269     -2.91135     -2.84379
     -2.77988     -2.71949     -2.66255     -2.60894     -2.55860     -2.51140
     -2.46725     -2.42598     -2.38742     -2.35135     -2.31750     -2.28557
     -2.25522     -2.22608     -2.19775     -2.16986     -2.14204     -2.11395
     -2.08529     -2.05585     -2.02550     -1.99416     -1.96186     -1.92873
     -1.89491     -1.86067     -1.82627     -1.79201     -1.75820     -1.72513
     -1.69307     -1.66222     -1.63275     -1.60477     -1.57833     -1.55344
     -1.53004     -1.50807     -1.48741     -1.46792     -1.44947     -1.43191
     -1.41510     -1.39877     -1.38280     -1.36720     -1.35194     -1.33703
     -1.32243     -1.30816     -1.29418     -1.28051     -1.26712
     -3.83152     -3.71407     -3.60361     -3.49953     -3.40129     -3.30842
     -3.22049     -3.13711     -3.05793     -2.98269     -2.91136     -2.84381
     -2.77991     -2.71954     -2.66262     -2.60905     -2.55875     -2.51160
     -2.46752     -2.42632     -2.38786     -2.35189     -2.31815     -2.28635
     -2.25614     -2.22715     -2.19896     -2.17122     -2.14353     -2.11557
     -2.08702     -2.05768     -2.02738     -1.99608     -1.96382     -1.93066
     -1.89681     -1.86248     -1.82799     -1.79363     -1.75970     -1.72650
     -1.69428     -1.66329     -1.63367     -1.60555     -1.57898     -1.55396
     -1.53045     -1.50838     -1.48762     -1.46806     -1.44955     -1.43195
     -1.41510     -1.39877     -1.38280     -1.36720     -1.35194     -1.33703
     -1.32243     -1.30816     -1.29418     -1.28051     -1.26712
     -3.83152     -3.71407     -3.60361     -3.49953     -3.40129     -3.30842
     -3.22049     -3.13711     -3.05793     -2.98269     -2.91135     -2.84378
     -2.77985     -2.71944     -2.66247     -2.60884     -2.55845     -2.51122
     -2.46701     -2.42570     -2.38708     -2.35096     -2.31707     -2.28509
     -2.25471     -2.22553     -2.19721     -2.16932     -2.14152     -2.11345
     -2.08485     -2.05547     -2.02520     -1.99395     -1.96175     -1.92871
     -1.89498     -1.86083     -1.82650     -1.79231     -1.75855     -1.72552
     -1.69348     -1.66264     -1.63314     -1.60515     -1.57868     -1.55374
     -1.53030     -1.50827     -1.48756     -1.46803     -1.44953     -1.43194
     -1.41510     -1.39877     -1.38280     -1.36720     -1.35194     -1.33703
     -1.32243     -1.30816     -1.29418     -1.28051     -1.26712
     -3.83152     -3.71407     -3.60361     -3.49953     -3.40129     -3.30842
     -3.22049     -3.13711     -3.05793     -2.98268     -2.91131     -2.84369
     -2.77969     -2.71920     -2.66210     -2.60831     -2.55773     -2.51026
     -2.46578     -2.42412     -2.38516     -2.34863     -2.31430     -2.28187
     -2.25102     -2.22138     -2.19261     -2.16432     -2.13616     -2.10779
     -2.07896     -2.04946     -2.01914     -1.98794     -1.95587     -1.92305
     -1.88963     -1.85584     -1.82193     -1.78819     -1.75490     -1.72233
     -1.69075     -1.66034     -1.63126     -1.60363     -1.57748     -1.55282
     -1.52962     -1.50779     -1.48723     -1.46782     -1.44942     -1.43190
     -1.41510     -1.39877     -1.38280     -1.36720     -1.35194     -1.33703
     -1.32243     -1.30816     -1.29418     -1.28051     -1.26712
     -3.83152     -3.71407     -3.60361     -3.49953     -3.40129     -3.30842
     -3.22049     -3.13711     -3.05793     -2.98267     -2.91126     -2.84357
     -2.77947     -2.71883     -2.66155     -2.60753     -2.55665     -2.50882
     -2.46391     -2.42177     -2.38224     -2.34510     -2.31011     -2.27698
     -2.24540     -2.21507     -2.18560     -2.15667     -2.12795     -2.09911
     -2.06994     -2.04020     -2.00979     -1.97864     -1.94677     -1.91426
     -1.88129     -1.84805     -1.81476     -1.78170     -1.74912     -1.71728
     -1.68640     -1.65668     -1.62824     -1.60118     -1.57554     -1.55134
     -1.52852     -1.50701     -1.48671     -1.46750     -1.44926     -1.43185
     -1.41510     -1.39877     -1.38280     -1.36720     -1.35194     -1.33703
     -1.32243     -1.30816     -1.29418     -1.28051     -1.26712
     -3.83152     -3.71407     -3.60361     -3.49953     -3.40129     -3.30842
     -3.22049     -3.13711     -3.05793     -2.98266     -2.91119     -2.84341
     -2.77919     -2.71838     -2.66087     -2.60655     -2.55530     -2.50701
     -2.46158     -2.41882     -2.37859     -2.34067     -2.30484     -2.27084
     -2.23836     -2.20713     -2.17680     -2.14707     -2.11762     -2.08820
     -2.05857     -2.02854     -1.99801     -1.96692     -1.93528     -1.90319
     -1.87076     -1.83819     -1.80569     -1.77349     -1.74182     -1.71090
     -1.68092     -1.65206     -1.62442     -1.59810     -1.57313     -1.54949
     -1.52716     -1.50605     -1.48608     -1.46714     -1.44909     -1.43182
     -1.41510     -1.39877     -1.38280     -1.36720     -1.35194     -1.33703
     -1.32243     -1.30816     -1.29418     -1.28051     -1.26712
     -3.83152     -3.71407     -3.60361     -3.49953     -3.40129     -3.30842
     -3.22049     -3.13711     -3.05793     -2.98266     -2.91113     -2.84326
     -2.77889     -2.71788     -2.66011     -2.60545     -2.55379     -2.50500
     -2.45895     -2.41550     -2.37448     -2.33570     -2.29893     -2.26392
     -2.23046     -2.19820     -2.16690     -2.13627     -2.10602     -2.07594
     -2.04580     -2.01543     -1.98478     -1.95376     -1.92240     -1.89076
     -1.85897     -1.82718     -1.79557     -1.76433     -1.73367     -1.70379
     -1.67483     -1.64695     -1.62023     -1.59474     -1.57050     -1.54752
     -1.52573     -1.50508     -1.48547     -1.46681     -1.44898     -1.43182
     -1.41510     -1.39877     -1.38280     -1.36720     -1.35194     -1.33703
     -1.32243     -1.30816     -1.29418     -1.28051     -1.26712
     -3.83152     -3.71407     -3.60361     -3.49953     -3.40129     -3.30842
     -3.22049     -3.13711     -3.05793     -2.98266     -2.91107     -2.84310
     -2.77859     -2.71738     -2.65933     -2.60432     -2.55221     -2.50289
     -2.45622     -2.41205     -2.37021     -2.33051     -2.29277     -2.25675
     -2.22223     -2.18893     -2.15663     -2.12507     -2.09400     -2.06323
     -2.03258     -2.00191     -1.97113     -1.94020     -1.90913     -1.87798
     -1.84685     -1.81588     -1.78520     -1.75498     -1.72539     -1.69658
     -1.66868     -1.64181     -1.61603     -1.59141     -1.56794     -1.54562
     -1.52440     -1.50420     -1.48496     -1.46658     -1.44895     -1.43182
     -1.41510     -1.39877     -1.38280     -1.36720     -1.35194     -1.33703
     -1.32243     -1.30816     -1.29418     -1.28051     -1.26712
     -3.83152     -3.71407     -3.60361     -3.49953     -3.40129     -3.30842
     -3.22049     -3.13711     -3.05793     -2.98266     -2.91103     -2.84297
     -2.77831     -2.71689     -2.65858     -2.60323     -2.55070     -2.50085
     -2.45356     -2.40867     -2.36602     -2.32545     -2.28675     -2.24974
     -2.21419     -2.17990     -2.14662     -2.11416     -2.08231     -2.05089
     -2.01977     -1.98880     -1.95793     -1.92710     -1.89635     -1.86570
     -1.83524     -1.80507     -1.77531     -1.74609     -1.71755     -1.68978
     -1.66293     -1.63704     -1.61219     -1.58839     -1.56567     -1.54398
     -1.52329     -1.50352     -1.48462     -1.46649     -1.44895     -1.43182
     -1.41510     -1.39877     -1.38280     -1.36720     -1.35194     -1.33703
     -1.32243     -1.30816     -1.29418     -1.28051     -1.26712
     -3.83152     -3.71407     -3.60361     -3.49953     -3.40129     -3.30842
     -3.22049     -3.13711     -3.05793     -2.98266     -2.91100     -2.84286
     -2.77807     -2.71647     -2.65791     -2.60222     -2.54929     -2.49895
     -2.45109     -2.40553     -2.36214     -2.32073     -2.28116     -2.24323
     -2.20674     -2.17152     -2.13738     -2.10410     -2.07154     -2.03956
     -2.00801     -1.97679     -1.94585     -1.91516     -1.88471     -1.85455
     -1.82472     -1.79531     -1.76642     -1.73814     -1.71057     -1.68380
     -1.65789     -1.63292     -1.60891     -1.58587     -1.56381     -1.54269
     -1.52247     -1.50309     -1.48446     -1.46648     -1.44895     -1.43182
     -1.41510     -1.39877     -1.38280     -1.36720     -1.35194     -1.33703
     -1.32243     -1.30816     -1.29418     -1.28051     -1.26712
     -3.83152     -3.71407     -3.60361     -3.49953     -3.40129     -3.30842
     -3.22049     -3.13711     -3.05793     -2.98266     -2.91100     -2.84278
     -2.77787     -2.71611     -2.65732     -2.60135     -2.54805     -2.49728
     -2.44889     -2.40274     -2.35867     -2.31655     -2.27620     -2.23745
     -2.20016     -2.16413     -2.12921     -2.09524     -2.06209     -2.02962
     -1.99772     -1.96632     -1.93535     -1.90479     -1.87466     -1.84494
     -1.81570     -1.78699     -1.75888     -1.73144     -1.70473     -1.67882
     -1.65376     -1.62958     -1.60630     -1.58393     -1.56244     -1.54180
     -1.52197     -1.50288     -1.48445     -1.46648     -1.44895     -1.43182
     -1.41510     -1.39877     -1.38280     -1.36720     -1.35194     -1.33703
     -1.32243     -1.30816     -1.29418     -1.28051     -1.26712
     -3.83152     -3.71407     -3.60361     -3.49953     -3.40129     -3.30842
     -3.22049     -3.13711     -3.05793     -2.98266     -2.91100     -2.84273
     -2.77772     -2.71582     -2.65684     -2.60062     -2.54701     -2.49586
     -2.44703     -2.40037     -2.35574     -2.31299     -2.27197     -2.23255
     -2.19456     -2.15787     -2.12231     -2.08777     -2.05414     -2.02128
     -1.98912     -1.95758     -1.92663     -1.89622     -1.86636     -1.83706
     -1.80834     -1.78024     -1.75280     -1.72608     -1.70011     -1.67494
     -1.65059     -1.62708     -1.60441     -1.58257     -1.56154     -1.54129
     -1.52175     -1.50286     -1.48445     -1.46648     -1.44895     -1.43182
     -1.41510     -1.39877     -1.38280     -1.36720     -1.35194     -1.33703
     -1.32243     -1.30816     -1.29418     -1.28051     -1.26712
     -3.83152     -3.71407     -3.60361     -3.49953     -3.40129     -3.30842
     -3.22049     -3.13711     -3.05793     -2.98266     -2.91100     -2.84270
     -2.77763     -2.71561     -2.65647     -2.60004     -2.54617     -2.49470
     -2.44550     -2.39842     -2.35332     -2.31007     -2.26851     -2.22854
     -2.18999     -2.15275     -2.11670     -2.08172     -2.04771     -2.01456
     -1.98222     -1.95061     -1.91969     -1.88944     -1.85983     -1.83090
     -1.80262     -1.77504     -1.74817     -1.72205     -1.69669     -1.67212
     -1.64834     -1.62536     -1.60317     -1.58175     -1.56107     -1.54110
     -1.52174     -1.50286     -1.48445     -1.46648     -1.44895     -1.43182
     -1.41510     -1.39877     -1.38280     -1.36720     -1.35194     -1.33703
     -1.32243     -1.30816     -1.29418     -1.28051     -1.26712
     -3.83152     -3.71407     -3.60361     -3.49953     -3.40129     -3.30842
     -3.22049     -3.13711     -3.05793     -2.98266     -2.91100     -2.84270
     -2.77757     -2.71546     -2.65619     -2.59960     -2.54552     -2.49380
     -2.44430     -2.39689     -2.35141     -2.30776     -2.26578     -2.22537
     -2.18640     -2.14875     -2.11232     -2.07700     -2.04272     -2.00937
     -1.97690     -1.94526     -1.91441     -1.88430     -1.85494     -1.82631
     -1.79841     -1.77125     -1.74485     -1.71920     -1.69432     -1.67022
     -1.64689     -1.62432     -1.60249     -1.58137     -1.56095     -1.54109
     -1.52174     -1.50286     -1.48445     -1.46648     -1.44895     -1.43182
     -1.41510     -1.39877     -1.38280     -1.36720     -1.35194     -1.33703
     -1.32243     -1.30816     -1.29418     -1.28051     -1.26712
     -3.83152     -3.71407     -3.60361     -3.49953     -3.40129     -3.30842
     -3.22049     -3.13711     -3.05793     -2.98266     -2.91100     -2.84270
     -2.77754     -2.71537     -2.65600     -2.59928     -2.54504     -2.49312
     -2.44340     -2.39572     -2.34996     -2.30599     -2.26369     -2.22296
     -2.18367     -2.14571     -2.10901     -2.07346     -2.03899     -2.00551
     -1.97298     -1.94135     -1.91056     -1.88060     -1.85143     -1.82306
     -1.79547     -1.76866     -1.74261     -1.71734     -1.69284     -1.66909
     -1.64609     -1.62381     -1.60224     -1.58132     -1.56095     -1.54109
     -1.52174     -1.50286     -1.48445     -1.46648     -1.44895     -1.43182
     -1.41510     -1.39877     -1.38280     -1.36720     -1.35194     -1.33703
     -1.32243     -1.30816     -1.29418     -1.28051     -1.26712
     -3.83152     -3.71407     -3.60361     -3.49953     -3.40129     -3.30842
     -3.22049     -3.13711     -3.05793     -2.98266     -2.91100     -2.84270
     -2.77754     -2.71531     -2.65588     -2.59906     -2.54469     -2.49264
     -2.44274     -2.39486     -2.34889     -2.30470     -2.26217     -2.22120
     -2.18167     -2.14352     -2.10662     -2.07091     -2.03632     -2.00277
     -1.97022     -1.93861     -1.90790     -1.87807     -1.84908     -1.82092
     -1.79357     -1.76702     -1.74126     -1.71626     -1.69203     -1.66854
     -1.64577     -1.62370     -1.60223     -1.58132     -1.56095     -1.54109
     -1.52174     -1.50286     -1.48445     -1.46648     -1.44895     -1.43182
     -1.41510     -1.39877     -1.38280     -1.36720     -1.35194     -1.33703
     -1.32243     -1.30816     -1.29418     -1.28051     -1.26712
     -3.83152     -3.71407     -3.60361     -3.49953     -3.40129     -3.30842
     -3.22049     -3.13711     -3.05793     -2.98266     -2.91100     -2.84270
     -2.77754     -2.71530     -2.65581     -2.59892     -2.54447     -2.49230
     -2.44228     -2.39427     -2.34814     -2.30379     -2.26110     -2.21996
     -2.18028     -2.14198     -2.10496     -2.06915     -2.03450     -2.00092
     -1.96837     -1.93680     -1.90617     -1.87645     -1.84761     -1.81962
     -1.79246     -1.76611     -1.74056     -1.71577     -1.69173     -1.66841
     -1.64575     -1.62370     -1.60223     -1.58132     -1.56095     -1.54109
     -1.52174     -1.50286     -1.48445     -1.46648     -1.44895     -1.43182
     -1.41510     -1.39877     -1.38280     -1.36720     -1.35194     -1.33703
     -1.32243     -1.30816     -1.29418     -1.28051     -1.26712
     -3.83152     -3.71407     -3.60361     -3.49953     -3.40129     -3.30842
     -3.22049     -3.13711     -3.05793     -2.98266     -2.91100     -2.84270
     -2.77754     -2.71530     -2.65578     -2.59884     -2.54433     -2.49209
     -2.44198     -2.39387     -2.34765     -2.30318     -2.26038     -2.21914
     -2.17936     -2.14097     -2.10388     -2.06802     -2.03333     -1.99975
     -1.96722     -1.93570     -1.90514     -1.87552     -1.84680     -1.81894
     -1.79193     -1.76572     -1.74031     -1.71566     -1.69171     -1.66841
     -1.64575     -1.62370     -1.60223     -1.58132     -1.56095     -1.54109
     -1.52174     -1.50286     -1.48445     -1.46648     -1.44895     -1.43182
     -1.41510     -1.39877     -1.38280     -1.36720     -1.35194     -1.33703
     -1.32243     -1.30816     -1.29418     -1.28051     -1.26712
     -3.83152     -3.71407     -3.60361     -3.49953     -3.40129     -3.30842
     -3.22049     -3.13711     -3.05793     -2.98266     -2.91100     -2.84270
     -2.77754     -2.71530     -2.65578     -2.59882     -2.54427     -2.49198
     -2.44181     -2.39363     -2.34734     -2.30281     -2.25993     -2.21862
     -2.17879     -2.14034     -2.10322     -2.06734     -2.03264     -1.99907
     -1.96657     -1.93510     -1.90462     -1.87507     -1.84644     -1.81868
     -1.79177     -1.76566     -1.74030     -1.71566     -1.69171     -1.66841
     -1.64575     -1.62370     -1.60223     -1.58132     -1.56095     -1.54109
     -1.52174     -1.50286     -1.48445     -1.46648     -1.44895     -1.43182
     -1.41510     -1.39877     -1.38280     -1.36720     -1.35194     -1.33703
     -1.32243     -1.30816     -1.29418     -1.28051     -1.26712
     -3.83152     -3.71407     -3.60361     -3.49953     -3.40129     -3.30842
     -3.22049     -3.13711     -3.05793     -2.98266     -2.91100     -2.84270
     -2.77754     -2.71530     -2.65578     -2.59882     -2.54425     -2.49192
     -2.44172     -2.39351     -2.34718     -2.30260     -2.25969     -2.21834
     -2.17847     -2.14001     -2.10287     -2.06698     -2.03230     -1.99875
     -1.96629     -1.93486     -1.90443     -1.87495     -1.84638     -1.81867
     -1.79177     -1.76566     -1.74030     -1.71566     -1.69171     -1.66841
     -1.64575     -1.62370     -1.60223     -1.58132     -1.56095     -1.54109
     -1.52174     -1.50286     -1.48445     -1.46648     -1.44895     -1.43182
     -1.41510     -1.39877     -1.38280     -1.36720     -1.35194     -1.33703
     -1.32243     -1.30816     -1.29418     -1.28051     -1.26712
     -3.83152     -3.71407     -3.60361     -3.49953     -3.40129     -3.30842
     -3.22049     -3.13711     -3.05793     -2.98266     -2.91100     -2.84270
     -2.77754     -2.71530     -2.65578     -2.59882     -2.54425     -2.49192
     -2.44171     -2.39347     -2.34711     -2.30252     -2.25958     -2.21822
     -2.17834     -2.13987     -2.10273     -2.06686     -2.03219     -1.99866
     -1.96623     -1.93483     -1.90442     -1.87495     -1.84638     -1.81867
     -1.79177     -1.76566     -1.74030     -1.71566     -1.69171     -1.66841
     -1.64575     -1.62370     -1.60223     -1.58132     -1.56095     -1.54109
     -1.52174     -1.50286     -1.48445     -1.46648     -1.44895     -1.43182
     -1.41510     -1.39877     -1.38280     -1.36720     -1.35194     -1.33703
     -1.32243     -1.30816     -1.29418     -1.28051     -1.26712
     -3.83152     -3.71407     -3.60361     -3.49953     -3.40129     -3.30842
     -3.22049     -3.13711     -3.05793     -2.98266     -2.91100     -2.84270
     -2.77754     -2.71530     -2.65578     -2.59882     -2.54425     -2.49192
     -2.44171     -2.39347     -2.34711     -2.30251     -2.25957     -2.21820
     -2.17832     -2.13985     -2.10272     -2.06685     -2.03219     -1.99866
     -1.96623     -1.93483     -1.90442     -1.87495     -1.84638     -1.81867
     -1.79177     -1.76566     -1.74030     -1.71566     -1.69171     -1.66841
     -1.64575     -1.62370     -1.60223     -1.58132     -1.56095     -1.54109
     -1.52174     -1.50286     -1.48445     -1.46648     -1.44895     -1.43182
     -1.41510     -1.39877     -1.38280     -1.36720     -1.35194     -1.33703
     -1.32243     -1.30816     -1.29418     -1.28051     -1.26712
     -3.83152     -3.71407     -3.60361     -3.49953     -3.40129     -3.30842
     -3.22049     -3.13711     -3.05793     -2.98266     -2.91100     -2.84270
     -2.77754     -2.71530     -2.65578     -2.59882     -2.54425     -2.49192
     -2.44171     -2.39347     -2.34711     -2.30251     -2.25957     -2.21820
     -2.17832     -2.13985     -2.10272     -2.06685     -2.03219     -1.99866
     -1.96623     -1.93483     -1.90442     -1.87495     -1.84638     -1.81867
     -1.79177     -1.76566     -1.74030     -1.71566     -1.69171     -1.66841
     -1.64575     -1.62370     -1.60223     -1.58132     -1.56095     -1.54109
     -1.52174     -1.50286     -1.48445     -1.46648     -1.44895     -1.43182
     -1.41510     -1.39877     -1.38280     -1.36720     -1.35194     -1.33703
     -1.32243     -1.30816     -1.29418     -1.28051     -1.26712
     -3.83152     -3.71407     -3.60361     -3.49953     -3.40129     -3.30842
     -3.22049     -3.13711     -3.05793     -2.98266     -2.91100     -2.84270
     -2.77754     -2.71530     -2.65578     -2.59882     -2.54425     -2.49192
     -2.44171     -2.39347     -2.34711     -2.30251     -2.25957     -2.21820
     -2.17832     -2.13985     -2.10272     -2.06685     -2.03219     -1.99866
     -1.96623     -1.93483     -1.90442     -1.87495     -1.84638     -1.81867
     -1.79177     -1.76566     -1.74030     -1.71566     -1.69171     -1.66841
     -1.64575     -1.62370     -1.60223     -1.58132     -1.56095     -1.54109
     -1.52174     -1.50286     -1.48445     -1.46648     -1.44895     -1.43182
     -1.41510     -1.39877     -1.38280     -1.36720     -1.35194     -1.33703
     -1.32243     -1.30816     -1.29418     -1.28051     -1.26712
     -3.83152     -3.71407     -3.60361     -3.49953     -3.40129     -3.30842
     -3.22049     -3.13711     -3.05793     -2.98266     -2.91100     -2.84270
     -2.77754     -2.71530     -2.65578     -2.59882     -2.54425     -2.49192
     -2.44171     -2.39347     -2.34711     -2.30251     -2.25957     -2.21820
     -2.17832     -2.13985     -2.10272     -2.06685     -2.03219     -1.99866
     -1.96623     -1.93483     -1.90442     -1.87495     -1.84638     -1.81867
     -1.79177     -1.76566     -1.74030     -1.71566     -1.69171     -1.66841
     -1.64575     -1.62370     -1.60223     -1.58132     -1.56095     -1.54109
     -1.52174     -1.50286     -1.48445     -1.46648     -1.44895     -1.43182
     -1.41510     -1.39877     -1.38280     -1.36720     -1.35194     -1.33703
     -1.32243     -1.30816     -1.29418     -1.28051     -1.26712
     -3.83152     -3.71407     -3.60361     -3.49953     -3.40129     -3.30842
     -3.22049     -3.13711     -3.05793     -2.98266     -2.91100     -2.84270
     -2.77754     -2.71530     -2.65578     -2.59882     -2.54425     -2.49192
     -2.44171     -2.39347     -2.34711     -2.30251     -2.25957     -2.21820
     -2.17832     -2.13985     -2.10272     -2.06685     -2.03219     -1.99866
     -1.96623     -1.93483     -1.90442     -1.87495     -1.84638     -1.81867
     -1.79177     -1.76566     -1.74030     -1.71566     -1.69171     -1.66841
     -1.64575     -1.62370     -1.60223     -1.58132     -1.56095     -1.54109
     -1.52174     -1.50286     -1.48445     -1.46648     -1.44895     -1.43182
     -1.41510     -1.39877     -1.38280     -1.36720     -1.35194     -1.33703
     -1.32243     -1.30816     -1.29418     -1.28051     -1.26712
     -3.83152     -3.71407     -3.60361     -3.49953     -3.40129     -3.30842
     -3.22049     -3.13711     -3.05793     -2.98266     -2.91100     -2.84270
     -2.77754     -2.71530     -2.65578     -2.59882     -2.54425     -2.49192
     -2.44171     -2.39347     -2.34711     -2.30251     -2.25957     -2.21820
     -2.17832     -2.13985     -2.10272     -2.06685     -2.03219     -1.99866
     -1.96623     -1.93483     -1.90442     -1.87495     -1.84638     -1.81867
     -1.79177     -1.76566     -1.74030     -1.71566     -1.69171     -1.66841
     -1.64575     -1.62370     -1.60223     -1.58132     -1.56095     -1.54109
     -1.52174     -1.50286     -1.48445     -1.46648     -1.44895     -1.43182
     -1.41510     -1.39877     -1.38280     -1.36720     -1.35194     -1.33703
     -1.32243     -1.30816     -1.29418     -1.28051     -1.26712
     -3.83152     -3.71407     -3.60361     -3.49953     -3.40129     -3.30842
     -3.22049     -3.13711     -3.05793     -2.98266     -2.91100     -2.84270
     -2.77754     -2.71530     -2.65578     -2.59882     -2.54425     -2.49192
     -2.44171     -2.39347     -2.34711     -2.30251     -2.25957     -2.21820
     -2.17832     -2.13985     -2.10272     -2.06685     -2.03219     -1.99866
     -1.96623     -1.93483     -1.90442     -1.87495     -1.84638     -1.81867
     -1.79177     -1.76566     -1.74030     -1.71566     -1.69171     -1.66841
     -1.64575     -1.62370     -1.60223     -1.58132     -1.56095     -1.54109
     -1.52174     -1.50286     -1.48445     -1.46648     -1.44895     -1.43182
     -1.41510     -1.39877     -1.38280     -1.36720     -1.35194     -1.33703
     -1.32243     -1.30816     -1.29418     -1.28051     -1.26712
     -3.83152     -3.71407     -3.60361     -3.49953     -3.40129     -3.30842
     -3.22049     -3.13711     -3.05793     -2.98266     -2.91100     -2.84270
     -2.77754     -2.71530     -2.65578     -2.59882     -2.54425     -2.49192
     -2.44171     -2.39347     -2.34711     -2.30251     -2.25957     -2.21820
     -2.17832     -2.13985     -2.10272     -2.06685     -2.03219     -1.99866
     -1.96623     -1.93483     -1.90442     -1.87495     -1.84638     -1.81867
     -1.79177     -1.76566     -1.74030     -1.71566     -1.69171     -1.66841
     -1.64575     -1.62370     -1.60223     -1.58132     -1.56095     -1.54109
     -1.52174     -1.50286     -1.48445     -1.46648     -1.44895     -1.43182
     -1.41510     -1.39877     -1.38280     -1.36720     -1.35194     -1.33703
     -1.32243     -1.30816     -1.29418     -1.28051     -1.26712
     -3.83152     -3.71407     -3.60361     -3.49953     -3.40129     -3.30842
     -3.22049     -3.13711     -3.05793     -2.98266     -2.91100     -2.84270
     -2.77754     -2.71530     -2.65578     -2.59882     -2.54425     -2.49192
     -2.44171     -2.39347     -2.34711     -2.30251     -2.25957     -2.21820
     -2.17832     -2.13985     -2.10272     -2.06685     -2.03219     -1.99866
     -1.96623     -1.93483     -1.90442     -1.87495     -1.84638     -1.81867
     -1.79177     -1.76566     -1.74030     -1.71566     -1.69171     -1.66841
     -1.64575     -1.62370     -1.60223     -1.58132     -1.56095     -1.54109
     -1.52174     -1.50286     -1.48445     -1.46648     -1.44895     -1.43182
     -1.41510     -1.39877     -1.38280     -1.36720     -1.35194     -1.33703
     -1.32243     -1.30816     -1.29418     -1.28051     -1.26712
     -3.83152     -3.71407     -3.60361     -3.49953     -3.40130     -3.30848
     -3.22056     -3.13716     -3.05796     -2.98268     -2.91100     -2.84270
     -2.77754     -2.71530     -2.65578     -2.59882     -2.54425     -2.49192
     -2.44171     -2.39347     -2.34711     -2.30251     -2.25957     -2.21820
     -2.17832     -2.13985     -2.10272     -2.06685     -2.03219     -1.99866
     -1.96623     -1.93483     -1.90442     -1.87495     -1.84638     -1.81867
     -1.79177     -1.76566     -1.74030     -1.71566     -1.69171     -1.66841
     -1.64575     -1.62370     -1.60223     -1.58132     -1.56095     -1.54109
     -1.52174     -1.50286     -1.48445     -1.46648     -1.44895     -1.43182
     -1.41510     -1.39877     -1.38280     -1.36720     -1.35194     -1.33703
     -1.32243     -1.30816     -1.29418     -1.28051     -1.26712
     -3.83152     -3.71407     -3.60361     -3.49953     -3.40132     -3.30858
     -3.22077     -3.13741     -3.05814     -2.98277     -2.91106     -2.84273
     -2.77755     -2.71530     -2.65578     -2.59882     -2.54425     -2.49192
     -2.44171     -2.39347     -2.34711     -2.30251     -2.25957     -2.21820
     -2.17832     -2.13985     -2.10272     -2.06685     -2.03219     -1.99866
     -1.96623     -1.93483     -1.90442     -1.87495     -1.84638     -1.81867
     -1.79177     -1.76566     -1.74030     -1.71566     -1.69171     -1.66841
     -1.64575     -1.62370     -1.60223     -1.58132     -1.56095     -1.54109
     -1.52174     -1.50286     -1.48445     -1.46648     -1.44895     -1.43182
     -1.41510     -1.39877     -1.38280     -1.36720     -1.35194     -1.33703
     -1.32243     -1.30816     -1.29418     -1.28051     -1.26712
     -3.83152     -3.71407     -3.60361     -3.49953     -3.40129     -3.30846
     -3.22067     -3.13741     -3.05825     -2.98285     -2.91110     -2.84278
     -2.77760     -2.71534     -2.65580     -2.59883     -2.54425     -2.49192
     -2.44171     -2.39347     -2.34711     -2.30251     -2.25957     -2.21820
     -2.17832     -2.13985     -2.10272     -2.06685     -2.03219     -1.99866
     -1.96623     -1.93483     -1.90442     -1.87495     -1.84638     -1.81867
     -1.79177     -1.76566     -1.74030     -1.71566     -1.69171     -1.66841
     -1.64575     -1.62370     -1.60223     -1.58132     -1.56095     -1.54109
     -1.52174     -1.50286     -1.48445     -1.46648     -1.44895     -1.43182
     -1.41510     -1.39877     -1.38280     -1.36720     -1.35194     -1.33703
     -1.32243     -1.30816     -1.29418     -1.28051     -1.26712
     -3.83152     -3.71407     -3.60361     -3.49953     -3.40129     -3.30842
     -3.22049     -3.13715     -3.05803     -2.98273     -2.91105     -2.84276
     -2.77761     -2.71537     -2.65584     -2.59885     -2.54426     -2.49192
     -2.44171     -2.39347     -2.34711     -2.30251     -2.25957     -2.21820
     -2.17832     -2.13985     -2.10272     -2.06685     -2.03219     -1.99866
     -1.96623     -1.93483     -1.90442     -1.87495     -1.84638     -1.81867
     -1.79177     -1.76566     -1.74030     -1.71566     -1.69171     -1.66841
     -1.64575     -1.62370     -1.60223     -1.58132     -1.56095     -1.54109
     -1.52174     -1.50286     -1.48445     -1.46648     -1.44895     -1.43182
     -1.41510     -1.39877     -1.38280     -1.36720     -1.35194     -1.33703
     -1.32243     -1.30816     -1.29418     -1.28051     -1.26712
