   1.19599998E-02
   2.39199996E-02
   3.58799994E-02
   4.78399992E-02
   5.97999990E-02
   7.17599988E-02
   8.37199986E-02
   9.56799984E-02
  0.107639998    
  0.119599998    
  0.131559998    
  0.143519998    
  0.155479997    
  0.167439997    
  0.179399997    
  0.191359997    
  0.203319997    
  0.215279996    
  0.227239996    
  0.239199996    
  0.251159996    
  0.263119996    
  0.275079995    
  0.287039995    
  0.298999995    
  0.310959995    
  0.322919995    
  0.334879994    
  0.346839994    
  0.358799994    
  0.370759994    
  0.382719994    
  0.394679993    
  0.406639993    
  0.418599993    
  0.430559993    
  0.442519993    
  0.454479992    
  0.466439992    
  0.478399992    
  0.490359992    
  0.502319992    
  0.514279962    
  0.526239991    
  0.538200021    
  0.550160050    
  0.562120080    
  0.574080110    
  0.586040139    
